,L_bankssts,L_caudalanteriorcingulate,L_caudalmiddlefrontal,L_cuneus,L_entorhinal,L_fusiform,L_inferiorparietal,L_inferiortemporal,L_isthmuscingulate,L_lateraloccipital,L_lateralorbitofrontal,L_lingual,L_medialorbitofrontal,L_middletemporal,L_parahippocampal,L_paracentral,L_parsopercularis,L_parsorbitalis,L_parstriangularis,L_pericalcarine,L_postcentral,L_posteriorcingulate,L_precentral,L_precuneus,L_rostralanteriorcingulate,L_rostralmiddlefrontal,L_superiorfrontal,L_superiorparietal,L_superiortemporal,L_supramarginal,L_frontalpole,L_temporalpole,L_transversetemporal,L_insula,R_bankssts,R_caudalanteriorcingulate,R_caudalmiddlefrontal,R_cuneus,R_entorhinal,R_fusiform,R_inferiorparietal,R_inferiortemporal,R_isthmuscingulate,R_lateraloccipital,R_lateralorbitofrontal,R_lingual,R_medialorbitofrontal,R_middletemporal,R_parahippocampal,R_paracentral,R_parsopercularis,R_parsorbitalis,R_parstriangularis,R_pericalcarine,R_postcentral,R_posteriorcingulate,R_precentral,R_precuneus,R_rostralanteriorcingulate,R_rostralmiddlefrontal,R_superiorfrontal,R_superiorparietal,R_superiortemporal,R_supramarginal,R_frontalpole,R_temporalpole,R_transversetemporal,R_insula
L_bankssts,0.0,0.0,121.0,8.0,0.0,50.0,4603.5,608.5,23.0,112.5,19.0,20.5,2.0,11251.5,3.0,1.0,460.0,10.0,52.0,7.0,93.0,1.0,422.5,81.0,0.0,83.5,102.5,275.5,7735.5,4203.5,1.0,7.0,35.0,114.0,0.0,0.0,2.0,0.0,0.0,0.0,4.0,1.0,5.0,1.0,0.0,0.0,0.0,2.0,0.0,2.0,0.0,0.0,0.0,0.0,2.0,1.0,2.0,48.0,0.0,1.0,14.0,36.0,5.0,3.0,0.0,0.0,0.0,1.0
L_caudalanteriorcingulate,0.0,0.0,32.0,1.0,4.0,4.0,7.0,6.0,1339.5,6.0,156.0,9.0,1021.0,8.0,30.0,152.0,74.0,13.0,40.0,1.0,9.0,3661.0,20.0,2677.5,3560.0,270.5,13175.0,37.0,15.0,5.0,85.0,5.0,1.0,115.0,0.0,348.5,65.0,0.0,0.0,0.0,8.0,3.0,29.0,1.0,37.5,0.0,218.0,5.0,1.0,29.0,60.0,9.0,36.5,0.0,8.0,64.0,30.0,85.0,85.5,306.0,1920.0,25.0,5.0,8.0,60.0,0.0,0.0,18.0
L_caudalmiddlefrontal,121.0,32.0,0.0,5.0,1.0,253.5,4243.5,1540.0,23.0,183.0,59.0,20.0,5.0,1436.5,4.0,68.5,12130.0,83.0,838.0,5.0,2931.0,42.0,29038.0,181.5,2.0,24217.0,33933.0,1908.0,407.5,1505.0,4.0,13.0,36.0,727.0,2.0,92.0,638.5,0.0,0.0,1.0,52.0,15.0,22.0,2.0,2.0,0.0,2.0,20.5,1.0,97.0,232.5,6.0,54.5,0.0,32.0,79.0,290.5,141.0,5.0,332.0,3783.0,77.0,11.0,29.0,2.0,0.0,1.0,24.0
L_cuneus,8.0,1.0,5.0,0.0,72.0,405.5,203.0,280.0,1517.0,10974.5,69.0,7990.5,10.0,239.0,493.5,0.0,8.0,21.0,13.0,30661.5,2.0,1.0,5.5,5936.0,1.0,28.0,15.0,15182.5,380.0,13.0,4.0,28.0,9.5,142.5,1.0,1.0,0.0,765.5,4.0,50.0,73.0,38.0,180.5,749.0,4.0,338.0,1.0,24.0,20.0,0.0,0.0,1.0,0.0,323.0,0.0,1.0,1.0,754.0,0.0,1.0,4.0,974.0,36.0,2.0,0.0,1.0,1.0,13.0
L_entorhinal,0.0,4.0,1.0,72.0,0.0,1943.0,25.0,105.5,145.5,77.0,17.0,361.5,6.0,16.5,2020.0,0.0,2.0,3.0,2.0,51.0,1.0,5.5,2.0,279.0,3.0,5.0,17.0,89.5,23.0,2.0,1.0,824.5,1.0,1368.5,0.0,0.0,0.0,3.0,0.0,0.5,1.0,0.0,3.0,4.0,0.0,4.0,0.0,0.0,1.0,0.0,0.0,0.0,0.0,2.0,0.0,0.0,0.0,13.0,0.0,0.0,2.0,10.0,1.0,0.0,0.0,0.0,0.0,0.0
L_fusiform,50.0,4.0,253.5,405.5,1943.0,0.0,4759.5,18807.5,260.5,26284.0,439.0,12729.5,118.0,1801.5,4158.5,1.0,150.5,118.0,88.0,592.0,91.0,6.0,234.0,448.0,8.0,270.0,141.0,2307.0,1223.5,190.0,23.0,1364.5,34.0,658.5,1.0,1.5,3.0,47.0,1.0,12.0,37.5,15.0,33.0,95.0,4.0,40.0,5.0,12.5,4.0,2.0,1.0,0.0,0.0,27.0,1.0,2.5,3.0,239.0,1.0,4.0,28.0,238.5,20.5,5.0,1.0,1.0,1.0,8.0
L_inferiorparietal,4603.5,7.0,4243.5,203.0,25.0,4759.5,0.0,11034.5,422.5,22797.0,343.0,386.0,37.0,21699.0,118.5,26.0,1021.5,131.0,228.0,104.5,2681.5,17.0,4267.5,1981.5,4.0,1172.0,1052.5,59207.5,6775.0,16924.5,16.0,115.5,575.5,1635.5,6.0,8.0,40.5,67.0,1.0,22.0,133.0,46.0,119.0,142.0,6.0,37.0,3.0,47.0,7.0,48.0,12.0,2.0,3.0,36.0,24.0,25.0,70.0,1004.5,2.0,21.0,325.0,915.0,104.0,50.0,1.0,1.0,9.0,31.5
L_inferiortemporal,608.5,6.0,1540.0,280.0,105.5,18807.5,11034.5,0.0,200.0,10690.0,362.5,3089.0,109.5,23760.0,305.5,8.0,1713.5,106.0,277.5,463.0,644.5,10.0,2130.5,567.0,7.0,894.0,682.5,2422.5,1938.0,2924.0,16.0,1379.0,79.5,730.0,3.0,5.0,15.0,25.0,0.0,10.0,66.5,22.0,56.0,56.0,5.0,21.0,5.0,24.0,4.0,10.0,4.0,0.0,1.0,13.0,7.0,10.0,16.0,469.5,1.0,10.0,123.5,362.5,50.0,22.0,1.0,1.0,4.0,17.0
L_isthmuscingulate,23.0,1339.5,23.0,1517.0,145.5,260.5,422.5,200.0,0.0,960.5,92.0,1662.0,358.5,203.0,1386.5,116.0,62.0,18.0,29.0,560.5,48.0,4768.5,57.5,23421.5,1017.0,137.0,4718.5,2956.5,462.5,216.0,53.0,23.0,68.0,179.0,11.0,52.0,24.5,213.5,5.0,31.0,157.0,53.0,962.0,252.0,26.0,112.0,102.0,74.0,24.0,141.5,19.0,7.0,11.5,89.0,62.0,176.0,48.0,2182.5,31.0,110.0,546.5,1080.5,162.0,105.5,34.0,2.0,14.0,44.0
L_lateraloccipital,112.5,6.0,183.0,10974.5,77.0,26284.0,22797.0,10690.0,960.5,0.0,1105.5,16098.0,131.0,6493.0,335.0,2.0,166.5,371.5,278.0,11531.0,65.0,6.0,174.5,890.5,10.0,555.0,258.0,17973.5,5056.5,223.0,57.0,311.5,66.0,1891.5,3.0,4.0,3.0,764.0,5.0,119.0,210.5,93.0,266.0,1414.5,13.0,430.0,7.0,64.5,30.0,2.0,1.0,1.0,1.0,413.5,2.0,5.0,4.0,1539.0,3.0,10.0,45.5,2145.5,102.0,10.0,2.0,3.0,4.0,40.0
L_lateralorbitofrontal,19.0,156.0,59.0,69.0,17.0,439.0,343.0,362.5,92.0,1105.5,0.0,1017.0,5474.0,836.5,29.0,5.0,630.0,10774.5,3916.0,162.5,67.5,79.0,171.0,131.0,658.0,5830.0,905.0,269.0,2057.0,84.0,1049.5,1026.0,12.0,10745.0,0.0,50.5,4.0,1.0,0.0,1.0,6.0,2.0,36.0,3.0,251.5,3.0,1181.0,4.0,1.0,2.0,3.0,16.0,5.0,1.0,1.0,21.0,2.0,66.0,151.0,207.5,544.5,32.0,10.0,2.0,279.5,5.0,0.0,43.0
L_lingual,20.5,9.0,20.0,7990.5,361.5,12729.5,386.0,3089.0,1662.0,16098.0,1017.0,0.0,162.5,1752.0,3398.0,0.0,53.5,313.0,167.5,19166.0,10.0,9.0,29.0,2920.5,14.0,380.0,156.0,2700.0,1518.0,47.0,57.0,354.0,8.0,929.0,0.0,2.0,0.0,252.5,5.0,35.0,33.0,21.0,73.0,297.5,6.0,658.0,10.0,14.0,16.0,0.0,0.0,1.0,0.0,164.0,0.0,1.0,0.0,294.5,3.0,9.0,22.0,364.5,18.0,2.0,2.0,1.0,1.0,8.0
L_medialorbitofrontal,2.0,1021.0,5.0,10.0,6.0,118.0,37.0,109.5,358.5,131.0,5474.0,162.5,0.0,122.0,16.0,7.0,7.0,71.0,15.0,23.0,3.0,483.0,7.5,352.5,8336.5,475.0,6051.5,39.0,223.5,6.0,2619.0,245.0,1.0,2120.5,0.0,189.0,2.0,1.0,1.0,3.0,3.0,6.0,109.0,4.0,761.0,5.0,4758.0,10.0,4.0,3.0,3.0,45.0,10.0,1.0,1.0,73.5,2.0,73.0,715.5,539.5,1891.0,11.0,22.0,1.0,945.5,17.0,0.0,128.0
L_middletemporal,11251.5,8.0,1436.5,239.0,16.5,1801.5,21699.0,23760.0,203.0,6493.0,836.5,1752.0,122.0,0.0,79.0,12.0,2740.5,244.0,477.0,371.5,762.5,13.0,3038.5,630.0,11.0,1024.0,873.5,2847.5,17355.5,9676.0,31.0,854.0,128.0,1154.0,3.0,6.0,15.0,13.0,0.0,5.0,51.0,16.0,51.0,26.0,4.0,11.0,10.0,20.0,2.0,13.0,5.0,1.0,2.0,7.0,10.0,11.0,16.0,434.0,3.0,18.0,146.0,329.0,44.0,26.0,3.0,0.0,4.0,15.0
L_parahippocampal,3.0,30.0,4.0,493.5,2020.0,4158.5,118.5,305.5,1386.5,335.0,29.0,3398.0,16.0,79.0,0.0,1.0,6.0,6.0,4.0,316.5,4.0,46.5,7.0,2149.5,20.0,14.0,132.0,547.5,102.0,15.0,3.0,188.5,8.0,67.0,0.0,1.0,1.0,18.0,1.0,3.5,8.0,3.0,20.0,24.0,1.0,18.0,2.0,3.0,4.0,3.0,0.0,0.0,0.0,10.0,2.0,3.0,1.0,92.0,0.0,3.0,16.0,68.0,6.0,2.0,1.0,0.0,0.0,2.0
L_paracentral,1.0,152.0,68.5,0.0,0.0,1.0,26.0,8.0,116.0,2.0,5.0,0.0,7.0,12.0,1.0,0.0,140.0,3.0,25.0,0.0,5925.5,5853.0,10734.5,4193.0,22.0,66.0,10381.0,1445.5,15.5,88.0,1.0,0.0,5.0,92.0,3.0,36.0,106.0,0.0,0.0,1.0,56.0,10.0,35.0,2.0,2.0,0.0,3.0,17.0,2.0,5653.5,41.0,2.0,10.0,0.0,681.5,996.0,3206.0,1090.0,3.0,35.0,2278.5,545.5,32.0,117.5,1.0,0.0,5.0,28.0
L_parsopercularis,460.0,74.0,12130.0,8.0,2.0,150.5,1021.5,1713.5,62.0,166.5,630.0,53.5,7.0,2740.5,6.0,140.0,0.0,563.0,12896.0,12.0,1688.0,98.5,16538.0,355.5,5.0,11182.5,13392.0,885.5,2532.5,3332.0,9.0,31.0,218.0,7149.0,1.0,99.0,281.0,0.0,0.0,0.0,22.0,5.0,18.5,0.5,2.0,0.0,4.0,8.0,1.0,65.0,135.0,5.0,45.0,0.0,20.0,62.5,121.0,112.0,7.0,315.0,2307.5,55.0,7.0,15.0,3.0,0.0,1.0,15.0
L_parsorbitalis,10.0,13.0,83.0,21.0,3.0,118.0,131.0,106.0,18.0,371.5,10774.5,313.0,71.0,244.0,6.0,3.0,563.0,0.0,8455.0,54.0,41.0,8.0,110.0,34.0,26.0,7972.0,889.0,98.0,427.5,46.0,148.5,112.5,6.0,1317.5,0.0,15.0,6.0,0.0,0.0,0.0,2.0,0.0,6.0,0.0,14.0,1.0,81.0,1.0,0.0,1.0,4.0,11.5,10.0,0.0,1.0,4.0,2.0,18.0,27.0,244.0,435.5,8.0,1.0,1.0,70.0,0.0,0.0,4.0
L_parstriangularis,52.0,40.0,838.0,13.0,2.0,88.0,228.0,277.5,29.0,278.0,3916.0,167.5,15.0,477.0,4.0,25.0,12896.0,8455.0,0.0,32.0,317.0,27.0,847.0,77.0,14.0,14965.0,3456.5,179.5,640.0,297.5,31.0,46.0,37.0,4864.0,0.0,48.0,53.5,0.0,0.0,0.0,5.0,1.0,9.0,0.0,3.0,0.0,15.0,2.0,0.0,10.0,35.0,9.0,36.0,0.0,4.0,13.0,18.0,29.0,22.0,347.5,955.5,12.0,2.0,4.0,16.0,0.0,0.0,7.0
L_pericalcarine,7.0,1.0,5.0,30661.5,51.0,592.0,104.5,463.0,560.5,11531.0,162.5,19166.0,23.0,371.5,316.5,0.0,12.0,54.0,32.0,0.0,3.0,1.0,7.0,1309.5,2.0,61.0,28.0,3796.0,428.0,13.0,9.0,47.0,4.0,201.0,0.0,0.0,0.0,313.0,2.0,30.0,43.0,20.0,78.0,409.0,3.0,213.5,1.0,14.0,11.0,0.0,0.0,0.0,0.0,157.5,0.0,1.0,0.0,361.0,0.0,1.0,4.0,505.0,20.0,1.0,0.0,1.0,1.0,7.0
L_postcentral,93.0,9.0,2931.0,2.0,1.0,91.0,2681.5,644.5,48.0,65.0,67.5,10.0,3.0,762.5,4.0,5925.5,1688.0,41.0,317.0,3.0,0.0,151.5,70001.0,567.0,2.0,502.0,2159.5,17207.5,842.0,27559.0,1.0,9.0,319.5,7853.0,5.0,11.0,38.0,0.0,0.0,1.0,33.0,9.0,26.5,2.0,1.0,0.0,0.0,19.0,1.0,761.0,16.0,1.0,5.0,0.0,417.5,155.0,385.5,700.5,1.0,19.0,421.0,500.5,58.5,148.5,0.0,0.0,8.0,24.0
L_posteriorcingulate,1.0,3661.0,42.0,1.0,5.5,6.0,17.0,10.0,4768.5,6.0,79.0,9.0,483.0,13.0,46.5,5853.0,98.5,8.0,27.0,1.0,151.5,0.0,287.5,12968.0,1325.5,148.0,10874.5,301.0,23.0,27.0,56.0,4.0,3.0,86.0,2.0,116.0,84.5,1.0,0.0,1.0,25.0,7.0,67.0,2.0,20.0,1.0,127.5,11.5,2.0,967.0,50.0,5.0,16.0,0.0,110.0,788.0,411.5,544.5,34.0,136.0,1920.0,215.5,21.0,36.0,39.0,0.0,2.0,19.0
L_precentral,422.5,20.0,29038.0,5.5,2.0,234.0,4267.5,2130.5,57.5,174.5,171.0,29.0,7.5,3038.5,7.0,10734.5,16538.0,110.0,847.0,7.0,70001.0,287.5,0.0,895.5,2.0,3171.5,28541.0,6755.0,1584.0,10706.0,4.0,24.0,232.5,8970.0,3.0,35.0,320.0,0.0,0.0,2.0,80.0,15.0,25.0,3.0,2.0,0.0,1.0,22.0,1.0,3003.5,78.0,2.0,16.0,0.0,330.0,405.0,2867.0,597.0,2.0,79.5,4362.0,380.0,26.0,65.0,1.0,0.0,3.0,25.0
L_precuneus,81.0,2677.5,181.5,5936.0,279.0,448.0,1981.5,567.0,23421.5,890.5,131.0,2920.5,352.5,630.0,2149.5,4193.0,355.5,34.0,77.0,1309.5,567.0,12968.0,895.5,0.0,1117.0,294.5,11150.0,15114.0,1744.5,1110.5,49.0,44.0,337.0,639.5,89.0,134.5,149.5,472.0,13.0,129.0,1124.5,361.0,1621.5,789.5,64.5,266.5,88.0,531.5,75.0,1522.5,91.0,20.0,35.0,232.0,765.5,771.0,714.5,11118.0,38.5,174.5,1810.5,6836.0,1220.0,1017.5,30.0,10.0,105.0,279.5
L_rostralanteriorcingulate,0.0,3560.0,2.0,1.0,3.0,8.0,4.0,7.0,1017.0,10.0,658.0,14.0,8336.5,11.0,20.0,22.0,5.0,26.0,14.0,2.0,2.0,1325.5,2.0,1117.0,0.0,310.0,9029.5,17.0,21.0,2.0,292.5,17.5,0.0,296.5,0.0,152.0,4.0,0.0,0.0,1.0,2.0,1.0,39.0,1.0,168.0,1.0,1242.5,3.0,1.0,5.0,6.5,23.0,20.0,0.0,2.0,32.0,4.0,43.0,533.5,461.0,1785.5,9.0,6.0,2.0,272.0,3.0,0.0,40.0
L_rostralmiddlefrontal,83.5,270.5,24217.0,28.0,5.0,270.0,1172.0,894.0,137.0,555.0,5830.0,380.0,475.0,1024.0,14.0,66.0,11182.5,7972.0,14965.0,61.0,502.0,148.0,3171.5,294.5,310.0,0.0,42733.0,560.5,765.5,512.5,1896.0,143.5,26.0,2091.5,2.0,504.0,423.0,0.0,0.0,2.0,34.0,11.0,110.0,3.0,165.0,4.0,980.0,25.0,3.0,41.0,327.0,195.0,433.5,0.0,27.0,120.0,109.0,172.0,462.0,5390.0,11315.0,37.0,19.5,36.5,806.0,3.0,1.0,88.0
L_superiorfrontal,102.5,13175.0,33933.0,15.0,17.0,141.0,1052.5,682.5,4718.5,258.0,905.0,156.0,6051.5,873.5,132.0,10381.0,13392.0,889.0,3456.5,28.0,2159.5,10874.5,28541.0,11150.0,9029.5,42733.0,0.0,3432.0,710.5,881.5,3894.0,54.0,60.0,4190.5,17.0,2953.0,3889.5,2.0,2.0,13.0,455.5,118.0,464.5,17.5,303.0,9.0,2202.5,186.0,17.0,2677.5,2063.5,313.5,1123.5,2.0,399.5,2119.5,4644.0,1621.5,1489.5,9690.5,53562.0,597.5,90.0,263.0,1274.0,7.0,7.0,341.5
L_superiorparietal,275.5,37.0,1908.0,15182.5,89.5,2307.0,59207.5,2422.5,2956.5,17973.5,269.0,2700.0,39.0,2847.5,547.5,1445.5,885.5,98.0,179.5,3796.0,17207.5,301.0,6755.0,15114.0,17.0,560.5,3432.0,0.0,6849.5,22054.5,13.0,90.0,1562.0,3460.5,60.0,31.5,75.5,815.5,9.0,149.0,911.5,286.5,795.0,1399.5,33.0,390.0,5.0,381.5,59.0,565.5,40.0,9.0,14.0,391.5,439.5,248.5,366.5,6575.5,6.0,34.0,615.0,5862.0,821.5,717.0,1.0,7.0,69.0,190.0
L_superiortemporal,7735.5,15.0,407.5,380.0,23.0,1223.5,6775.0,1938.0,462.5,5056.5,2057.0,1518.0,223.5,17355.5,102.0,15.5,2532.5,427.5,640.0,428.0,842.0,23.0,1584.0,1744.5,21.0,765.5,710.5,6849.5,0.0,15112.0,60.0,1056.0,8473.0,7896.5,6.0,8.0,11.0,20.0,0.0,8.0,89.5,28.0,105.5,44.0,7.5,15.0,19.0,37.0,4.0,21.0,5.0,1.0,3.0,10.0,31.0,19.0,19.0,889.5,5.0,28.0,128.5,679.0,97.5,64.0,6.0,1.0,9.0,27.0
L_supramarginal,4203.5,5.0,1505.0,13.0,2.0,190.0,16924.5,2924.0,216.0,223.0,84.0,47.0,6.0,9676.0,15.0,88.0,3332.0,46.0,297.5,13.0,27559.0,27.0,10706.0,1110.5,2.0,512.5,881.5,22054.5,15112.0,0.0,3.0,23.0,2246.5,6446.5,6.0,6.0,22.0,2.0,0.0,3.0,57.0,17.0,74.0,7.0,2.0,2.0,1.0,33.0,2.0,98.0,9.0,1.0,3.0,1.0,106.5,39.0,63.5,913.0,1.0,11.0,175.0,727.5,92.0,99.0,0.0,0.0,10.0,26.0
L_frontalpole,1.0,85.0,4.0,4.0,1.0,23.0,16.0,16.0,53.0,57.0,1049.5,57.0,2619.0,31.0,3.0,1.0,9.0,148.5,31.0,9.0,1.0,56.0,4.0,49.0,292.5,1896.0,3894.0,13.0,60.0,3.0,0.0,31.0,0.0,157.0,0.0,73.0,1.0,0.0,0.0,0.0,1.0,1.0,38.0,1.0,194.0,1.0,1371.0,3.0,1.0,1.0,3.0,44.5,12.0,0.0,0.0,26.0,1.0,24.0,233.5,591.5,1575.0,1.0,5.0,1.0,588.0,3.0,0.0,22.0
L_temporalpole,7.0,5.0,13.0,28.0,824.5,1364.5,115.5,1379.0,23.0,311.5,1026.0,354.0,245.0,854.0,188.5,0.0,31.0,112.5,46.0,47.0,9.0,4.0,24.0,44.0,17.5,143.5,54.0,90.0,1056.0,23.0,31.0,0.0,3.0,6078.5,0.0,1.0,0.0,1.0,0.0,0.0,2.0,1.0,3.0,2.0,4.0,1.0,14.0,1.0,0.0,0.0,0.0,0.0,0.0,0.0,0.0,0.0,0.0,17.0,2.0,5.0,14.0,13.0,1.0,0.0,3.0,0.0,0.0,2.0
L_transversetemporal,35.0,1.0,36.0,9.5,1.0,34.0,575.5,79.5,68.0,66.0,12.0,8.0,1.0,128.0,8.0,5.0,218.0,6.0,37.0,4.0,319.5,3.0,232.5,337.0,0.0,26.0,60.0,1562.0,8473.0,2246.5,0.0,3.0,0.0,3745.5,1.0,1.0,1.0,2.0,0.0,1.0,12.0,3.0,14.0,4.0,0.0,1.0,0.0,6.0,0.0,6.0,1.0,0.0,0.0,1.0,8.0,4.0,4.0,133.0,0.0,1.0,11.0,98.0,15.0,12.0,0.0,0.0,1.0,3.0
L_insula,114.0,115.0,727.0,142.5,1368.5,658.5,1635.5,730.0,179.0,1891.5,10745.0,929.0,2120.5,1154.0,67.0,92.0,7149.0,1317.5,4864.0,201.0,7853.0,86.0,8970.0,639.5,296.5,2091.5,4190.5,3460.5,7896.5,6446.5,157.0,6078.5,3745.5,0.0,2.0,39.0,61.0,9.0,0.0,4.0,43.0,13.0,40.0,20.0,34.0,8.0,115.0,17.5,2.0,47.0,29.0,5.0,15.0,5.0,23.0,32.0,57.0,296.5,31.0,138.0,739.5,212.5,35.0,28.0,28.0,1.0,3.0,25.0
R_bankssts,0.0,0.0,2.0,1.0,0.0,1.0,6.0,3.0,11.0,3.0,0.0,0.0,0.0,3.0,0.0,3.0,1.0,0.0,0.0,0.0,5.0,2.0,3.0,89.0,0.0,2.0,17.0,60.0,6.0,6.0,0.0,0.0,1.0,2.0,0.0,1.0,55.0,10.0,0.0,36.0,5129.0,339.5,27.0,134.0,24.0,30.0,1.0,9400.0,4.0,3.0,123.0,20.0,81.5,9.0,60.0,3.0,89.5,126.0,0.0,101.5,80.5,494.0,6632.5,2994.0,1.0,4.0,29.0,168.5
R_caudalanteriorcingulate,0.0,348.5,92.0,1.0,0.0,1.5,8.0,5.0,52.0,4.0,50.5,2.0,189.0,6.0,1.0,36.0,99.0,15.0,48.0,0.0,11.0,116.0,35.0,134.5,152.0,504.0,2953.0,31.5,8.0,6.0,73.0,1.0,1.0,39.0,1.0,0.0,50.0,1.0,8.0,5.0,12.0,6.0,1994.0,2.0,110.5,6.0,542.5,10.0,58.0,273.5,100.0,13.0,60.0,1.0,15.0,4397.0,43.0,3294.0,3399.0,313.5,16436.5,53.0,14.0,14.0,37.5,4.0,1.0,78.0
R_caudalmiddlefrontal,2.0,65.0,638.5,0.0,0.0,3.0,40.5,15.0,24.5,3.0,4.0,0.0,2.0,15.0,1.0,106.0,281.0,6.0,53.5,0.0,38.0,84.5,320.0,149.5,4.0,423.0,3889.5,75.5,11.0,22.0,1.0,0.0,1.0,61.0,55.0,50.0,0.0,4.0,0.0,122.5,5240.5,1286.5,16.0,118.0,44.0,15.0,2.0,1329.5,5.0,63.0,9353.0,84.0,973.0,4.0,1867.5,36.0,25503.5,135.0,2.0,22688.5,32448.0,1701.0,281.5,822.5,4.0,5.0,16.0,324.0
R_cuneus,0.0,0.0,0.0,765.5,3.0,47.0,67.0,25.0,213.5,764.0,1.0,252.5,1.0,13.0,18.0,0.0,0.0,0.0,0.0,313.0,0.0,1.0,0.0,472.0,0.0,0.0,2.0,815.5,20.0,2.0,0.0,1.0,2.0,9.0,10.0,1.0,4.0,0.0,58.0,494.5,158.5,291.5,942.0,11975.0,98.5,11030.0,4.0,341.5,377.0,0.0,2.0,30.5,6.0,36799.0,2.0,1.0,3.0,5890.0,0.0,27.5,10.0,13697.0,432.0,10.0,6.0,21.5,4.0,138.5
R_entorhinal,0.0,0.0,0.0,4.0,0.0,1.0,1.0,0.0,5.0,5.0,0.0,5.0,1.0,0.0,1.0,0.0,0.0,0.0,0.0,2.0,0.0,0.0,0.0,13.0,0.0,0.0,2.0,9.0,0.0,0.0,0.0,0.0,0.0,0.0,0.0,8.0,0.0,58.0,0.0,1785.0,20.5,111.5,145.0,64.0,20.0,218.0,4.0,21.0,1907.0,0.0,0.0,2.0,0.0,35.0,0.0,8.0,1.0,402.0,4.0,3.0,22.0,94.5,19.0,1.0,1.0,642.0,0.0,727.0
R_fusiform,0.0,0.0,1.0,50.0,0.5,12.0,22.0,10.0,31.0,119.0,1.0,35.0,3.0,5.0,3.5,1.0,0.0,0.0,0.0,30.0,1.0,1.0,2.0,129.0,1.0,2.0,13.0,149.0,8.0,3.0,0.0,0.0,1.0,4.0,36.0,5.0,122.5,494.5,1785.0,0.0,3938.5,16735.5,220.0,30009.0,391.0,11249.5,27.0,1716.5,4404.0,1.0,35.0,105.0,30.0,602.5,34.0,6.0,83.5,500.5,3.0,165.5,67.0,3304.5,990.0,59.5,28.0,961.5,13.0,413.0
R_inferiorparietal,4.0,8.0,52.0,73.0,1.0,37.5,133.0,66.5,157.0,210.5,6.0,33.0,3.0,51.0,8.0,56.0,22.0,2.0,5.0,43.0,33.0,25.0,80.0,1124.5,2.0,34.0,455.5,911.5,89.5,57.0,1.0,2.0,12.0,43.0,5129.0,12.0,5240.5,158.5,20.5,3938.5,0.0,14199.5,331.0,18866.0,428.5,474.0,16.0,32662.0,143.0,41.0,2752.5,230.0,772.5,118.0,3869.0,27.0,7925.0,1446.0,2.0,2243.5,1822.0,54905.0,8380.5,20001.5,24.0,90.0,352.5,1753.0
R_inferiortemporal,1.0,3.0,15.0,38.0,0.0,15.0,46.0,22.0,53.0,93.0,2.0,21.0,6.0,16.0,3.0,10.0,5.0,0.0,1.0,20.0,9.0,7.0,15.0,361.0,1.0,11.0,118.0,286.5,28.0,17.0,1.0,1.0,3.0,13.0,339.5,6.0,1286.5,291.5,111.5,16735.5,14199.5,0.0,137.5,12372.5,492.0,2702.5,45.0,25215.0,630.5,8.0,542.0,138.0,234.5,434.0,333.5,9.0,970.5,479.5,2.0,945.5,413.5,2884.0,1665.5,1001.5,33.0,1459.0,34.0,629.5
R_isthmuscingulate,5.0,29.0,22.0,180.5,3.0,33.0,119.0,56.0,962.0,266.0,36.0,73.0,109.0,51.0,20.0,35.0,18.5,6.0,9.0,78.0,26.5,67.0,25.0,1621.5,39.0,110.0,464.5,795.0,105.5,74.0,38.0,3.0,14.0,40.0,27.0,1994.0,16.0,942.0,145.0,220.0,331.0,137.5,0.0,620.0,78.0,1088.0,226.0,183.5,1207.5,40.0,38.0,13.0,26.0,357.0,17.0,4290.5,25.0,22584.0,887.5,93.0,3895.5,2468.5,432.0,156.0,18.0,19.0,36.0,130.0
R_lateraloccipital,1.0,1.0,2.0,749.0,4.0,95.0,142.0,56.0,252.0,1414.5,3.0,297.5,4.0,26.0,24.0,2.0,0.5,0.0,0.0,409.0,2.0,2.0,3.0,789.5,1.0,3.0,17.5,1399.5,44.0,7.0,1.0,2.0,4.0,20.0,134.0,2.0,118.0,11975.0,64.0,30009.0,18866.0,12372.5,620.0,0.0,1278.5,19034.0,48.0,7365.0,495.0,2.0,50.0,417.0,100.0,12887.5,42.0,3.0,90.0,808.5,2.0,399.0,111.5,23521.5,5031.5,131.0,69.0,226.5,33.0,1636.0
R_lateralorbitofrontal,0.0,37.5,2.0,4.0,0.0,4.0,6.0,5.0,26.0,13.0,251.5,6.0,761.0,4.0,1.0,2.0,2.0,14.0,3.0,3.0,1.0,20.0,2.0,64.5,168.0,165.0,303.0,33.0,7.5,2.0,194.0,4.0,0.0,34.0,24.0,110.5,44.0,98.5,20.0,391.0,428.5,492.0,78.0,1278.5,0.0,1259.0,6645.0,1417.5,54.0,4.0,329.5,10177.0,1744.0,213.0,105.0,41.0,173.0,114.0,532.5,4627.5,532.0,409.0,3249.0,151.0,1580.0,1409.5,12.0,10785.0
R_lingual,0.0,0.0,0.0,338.0,4.0,40.0,37.0,21.0,112.0,430.0,3.0,658.0,5.0,11.0,18.0,0.0,0.0,1.0,0.0,213.5,0.0,1.0,0.0,266.5,1.0,4.0,9.0,390.0,15.0,2.0,1.0,1.0,1.0,8.0,30.0,6.0,15.0,11030.0,218.0,11249.5,474.0,2702.5,1088.0,19034.0,1259.0,0.0,54.0,2589.0,3076.5,0.0,14.0,375.0,64.5,26250.5,8.0,6.0,15.0,3515.0,4.0,328.0,74.0,3485.0,1896.0,38.0,79.5,237.0,5.0,828.0
R_medialorbitofrontal,0.0,218.0,2.0,1.0,0.0,5.0,3.0,5.0,102.0,7.0,1181.0,10.0,4758.0,10.0,2.0,3.0,4.0,81.0,15.0,1.0,0.0,127.5,1.0,88.0,1242.5,980.0,2202.5,5.0,19.0,1.0,1371.0,14.0,0.0,115.0,1.0,542.5,2.0,4.0,4.0,27.0,16.0,45.0,226.0,48.0,6645.0,54.0,0.0,101.0,12.0,4.0,3.0,75.0,11.0,8.0,1.0,193.0,3.0,155.5,6682.5,416.5,6530.0,19.0,334.0,2.0,2474.0,260.5,0.0,1798.0
R_middletemporal,2.0,5.0,20.5,24.0,0.0,12.5,47.0,24.0,74.0,64.5,4.0,14.0,10.0,20.0,3.0,17.0,8.0,1.0,2.0,14.0,19.0,11.5,22.0,531.5,3.0,25.0,186.0,381.5,37.0,33.0,3.0,1.0,6.0,17.5,9400.0,10.0,1329.5,341.5,21.0,1716.5,32662.0,25215.0,183.5,7365.0,1417.5,2589.0,101.0,0.0,178.0,17.0,1169.5,384.0,644.5,521.0,491.5,17.0,1298.0,738.5,5.0,1620.0,789.5,3983.0,15088.5,5765.0,80.0,919.0,72.0,1310.0
R_parahippocampal,0.0,1.0,1.0,20.0,1.0,4.0,7.0,4.0,24.0,30.0,1.0,16.0,4.0,2.0,4.0,2.0,1.0,0.0,0.0,11.0,1.0,2.0,1.0,75.0,1.0,3.0,17.0,59.0,4.0,2.0,1.0,0.0,0.0,2.0,4.0,58.0,5.0,377.0,1907.0,4404.0,143.0,630.5,1207.5,495.0,54.0,3076.5,12.0,178.0,0.0,2.0,3.0,12.0,3.0,278.0,4.0,59.0,6.0,2276.5,25.0,19.0,159.0,577.0,123.0,12.0,4.0,184.5,4.0,64.0
R_paracentral,2.0,29.0,97.0,0.0,0.0,2.0,48.0,10.0,141.5,2.0,2.0,0.0,3.0,13.0,3.0,5653.5,65.0,1.0,10.0,0.0,761.0,967.0,3003.5,1522.5,5.0,41.0,2677.5,565.5,21.0,98.0,1.0,0.0,6.0,47.0,3.0,273.5,63.0,0.0,0.0,1.0,41.0,8.0,40.0,2.0,4.0,0.0,4.0,17.0,2.0,0.0,81.0,5.0,23.0,0.0,6656.0,8513.0,10751.0,6638.0,23.0,49.0,10328.0,2223.0,33.5,178.5,1.0,0.0,6.0,65.0
R_parsopercularis,0.0,60.0,232.5,0.0,0.0,1.0,12.0,4.0,19.0,1.0,3.0,0.0,3.0,5.0,0.0,41.0,135.0,4.0,35.0,0.0,16.0,50.0,78.0,91.0,6.5,327.0,2063.5,40.0,5.0,9.0,3.0,0.0,1.0,29.0,123.0,100.0,9353.0,2.0,0.0,35.0,2752.5,542.0,38.0,50.0,329.5,14.0,3.0,1169.5,3.0,81.0,0.0,570.5,10799.0,3.0,1155.0,58.0,14615.5,212.0,4.0,7536.0,10016.0,836.5,409.5,3540.0,7.0,4.0,26.0,5014.5
R_parsorbitalis,0.0,9.0,6.0,1.0,0.0,0.0,2.0,0.0,7.0,1.0,16.0,1.0,45.0,1.0,0.0,2.0,5.0,11.5,9.0,0.0,1.0,5.0,2.0,20.0,23.0,195.0,313.5,9.0,1.0,1.0,44.5,0.0,0.0,5.0,20.0,13.0,84.0,30.5,2.0,105.0,230.0,138.0,13.0,417.0,10177.0,375.0,75.0,384.0,12.0,5.0,570.5,0.0,8193.5,71.0,126.5,5.0,259.5,35.0,18.0,6709.5,793.0,164.0,443.0,240.5,203.0,107.0,8.0,1880.0
R_parstriangularis,0.0,36.5,54.5,0.0,0.0,0.0,3.0,1.0,11.5,1.0,5.0,0.0,10.0,2.0,0.0,10.0,45.0,10.0,36.0,0.0,5.0,16.0,16.0,35.0,20.0,433.5,1123.5,14.0,3.0,3.0,12.0,0.0,0.0,15.0,81.5,60.0,973.0,6.0,0.0,30.0,772.5,234.5,26.0,100.0,1744.0,64.5,11.0,644.5,3.0,23.0,10799.0,8193.5,0.0,13.0,491.0,22.0,1322.0,79.5,14.0,15755.0,3988.5,263.0,377.5,1262.0,28.0,10.0,21.0,4721.0
R_pericalcarine,0.0,0.0,0.0,323.0,2.0,27.0,36.0,13.0,89.0,413.5,1.0,164.0,1.0,7.0,10.0,0.0,0.0,0.0,0.0,157.5,0.0,0.0,0.0,232.0,0.0,0.0,2.0,391.5,10.0,1.0,0.0,0.0,1.0,5.0,9.0,1.0,4.0,36799.0,35.0,602.5,118.0,434.0,357.0,12887.5,213.0,26250.5,8.0,521.0,278.0,0.0,3.0,71.0,13.0,0.0,2.0,1.0,4.0,1435.0,0.0,58.0,13.0,3424.0,494.0,10.5,13.0,33.0,2.0,196.0
R_postcentral,2.0,8.0,32.0,0.0,0.0,1.0,24.0,7.0,62.0,2.0,1.0,0.0,1.0,10.0,2.0,681.5,20.0,1.0,4.0,0.0,417.5,110.0,330.0,765.5,2.0,27.0,399.5,439.5,31.0,106.5,0.0,0.0,8.0,23.0,60.0,15.0,1867.5,2.0,0.0,34.0,3869.0,333.5,17.0,42.0,105.0,8.0,1.0,491.5,4.0,6656.0,1155.0,126.5,491.0,2.0,0.0,175.0,63420.5,650.0,2.0,559.0,1813.5,19423.5,720.5,24309.5,3.0,4.0,164.5,7040.5
R_posteriorcingulate,1.0,64.0,79.0,1.0,0.0,2.5,25.0,10.0,176.0,5.0,21.0,1.0,73.5,11.0,3.0,996.0,62.5,4.0,13.0,1.0,155.0,788.0,405.0,771.0,32.0,120.0,2119.5,248.5,19.0,39.0,26.0,0.0,4.0,32.0,3.0,4397.0,36.0,1.0,8.0,6.0,27.0,9.0,4290.5,3.0,41.0,6.0,193.0,17.0,59.0,8513.0,58.0,5.0,22.0,1.0,175.0,0.0,381.5,13719.0,864.0,83.0,10187.5,466.5,36.0,60.0,12.0,2.0,4.0,48.0
R_precentral,2.0,30.0,290.5,1.0,0.0,3.0,70.0,16.0,48.0,4.0,2.0,0.0,2.0,16.0,1.0,3206.0,121.0,2.0,18.0,0.0,385.5,411.5,2867.0,714.5,4.0,109.0,4644.0,366.5,19.0,63.5,1.0,0.0,4.0,57.0,89.5,43.0,25503.5,3.0,1.0,83.5,7925.0,970.5,25.0,90.0,173.0,15.0,3.0,1298.0,6.0,10751.0,14615.5,259.5,1322.0,4.0,63420.5,381.5,0.0,829.5,3.0,3612.0,26975.5,8080.0,607.0,7634.5,7.0,7.0,76.0,5694.0
R_precuneus,48.0,85.0,141.0,754.0,13.0,239.0,1004.5,469.5,2182.5,1539.0,66.0,294.5,73.0,434.0,92.0,1090.0,112.0,18.0,29.0,361.0,700.5,544.5,597.0,11118.0,43.0,172.0,1621.5,6575.5,889.5,913.0,24.0,17.0,133.0,296.5,126.0,3294.0,135.0,5890.0,402.0,500.5,1446.0,479.5,22584.0,808.5,114.0,3515.0,155.5,738.5,2276.5,6638.0,212.0,35.0,79.5,1435.0,650.0,13719.0,829.5,0.0,801.0,217.0,9580.5,17640.5,1881.0,1125.0,17.0,42.0,203.5,501.0
R_rostralanteriorcingulate,0.0,85.5,5.0,0.0,0.0,1.0,2.0,1.0,31.0,3.0,151.0,3.0,715.5,3.0,0.0,3.0,7.0,27.0,22.0,0.0,1.0,34.0,2.0,38.5,533.5,462.0,1489.5,6.0,5.0,1.0,233.5,2.0,0.0,31.0,0.0,3399.0,2.0,0.0,4.0,3.0,2.0,2.0,887.5,2.0,532.5,4.0,6682.5,5.0,25.0,23.0,4.0,18.0,14.0,0.0,2.0,864.0,3.0,801.0,0.0,280.0,8570.0,12.0,14.0,2.0,142.0,11.0,0.0,188.0
R_rostralmiddlefrontal,1.0,306.0,332.0,1.0,0.0,4.0,21.0,10.0,110.0,10.0,207.5,9.0,539.5,18.0,3.0,35.0,315.0,244.0,347.5,1.0,19.0,136.0,79.5,174.5,461.0,5390.0,9690.5,34.0,28.0,11.0,591.5,5.0,1.0,138.0,101.5,313.5,22688.5,27.5,3.0,165.5,2243.5,945.5,93.0,399.0,4627.5,328.0,416.5,1620.0,19.0,49.0,7536.0,6709.5,15755.0,58.0,559.0,83.0,3612.0,217.0,280.0,0.0,34152.0,611.0,631.0,1034.0,2389.5,124.0,16.0,1326.0
R_superiorfrontal,14.0,1920.0,3783.0,4.0,2.0,28.0,325.0,123.5,546.5,45.5,544.5,22.0,1891.0,146.0,16.0,2278.5,2307.5,435.5,955.5,4.0,421.0,1920.0,4362.0,1810.5,1785.5,11315.0,53562.0,615.0,128.5,175.0,1575.0,14.0,11.0,739.5,80.5,16436.5,32448.0,10.0,22.0,67.0,1822.0,413.5,3895.5,111.5,532.0,74.0,6530.0,789.5,159.0,10328.0,10016.0,793.0,3988.5,13.0,1813.5,10187.5,26975.5,9580.5,8570.0,34152.0,0.0,3077.5,402.5,1229.0,2611.0,25.0,30.0,1636.5
R_superiorparietal,36.0,25.0,77.0,974.0,10.0,238.5,915.0,362.5,1080.5,2145.5,32.0,364.5,11.0,329.0,68.0,545.5,55.0,8.0,12.0,505.0,500.5,215.5,380.0,6836.0,9.0,37.0,597.5,5862.0,679.0,727.5,1.0,13.0,98.0,212.5,494.0,53.0,1701.0,13697.0,94.5,3304.5,54905.0,2884.0,2468.5,23521.5,409.0,3485.0,19.0,3983.0,577.0,2223.0,836.5,164.0,263.0,3424.0,19423.5,466.5,8080.0,17640.5,12.0,611.0,3077.5,0.0,9363.0,17654.0,21.0,83.0,1223.5,3649.0
R_superiortemporal,5.0,5.0,11.0,36.0,1.0,20.5,104.0,50.0,162.0,102.0,10.0,18.0,22.0,44.0,6.0,32.0,7.0,1.0,2.0,20.0,58.5,21.0,26.0,1220.0,6.0,19.5,90.0,821.5,97.5,92.0,5.0,1.0,15.0,35.0,6632.5,14.0,281.5,432.0,19.0,990.0,8380.5,1665.5,432.0,5031.5,3249.0,1896.0,334.0,15088.5,123.0,33.5,409.5,443.0,377.5,494.0,720.5,36.0,607.0,1881.0,14.0,631.0,402.5,9363.0,0.0,10441.0,122.5,794.5,7281.0,8852.5
R_supramarginal,3.0,8.0,29.0,2.0,0.0,5.0,50.0,22.0,105.5,10.0,2.0,2.0,1.0,26.0,2.0,117.5,15.0,1.0,4.0,1.0,148.5,36.0,65.0,1017.5,2.0,36.5,263.0,717.0,64.0,99.0,1.0,0.0,12.0,28.0,2994.0,14.0,822.5,10.0,1.0,59.5,20001.5,1001.5,156.0,131.0,151.0,38.0,2.0,5765.0,12.0,178.5,3540.0,240.5,1262.0,10.5,24309.5,60.0,7634.5,1125.0,2.0,1034.0,1229.0,17654.0,10441.0,0.0,4.0,9.0,1500.0,7464.5
R_frontalpole,0.0,60.0,2.0,0.0,0.0,1.0,1.0,1.0,34.0,2.0,279.5,2.0,945.5,3.0,1.0,1.0,3.0,70.0,16.0,0.0,0.0,39.0,1.0,30.0,272.0,806.0,1274.0,1.0,6.0,0.0,588.0,3.0,0.0,28.0,1.0,37.5,4.0,6.0,1.0,28.0,24.0,33.0,18.0,69.0,1580.0,79.5,2474.0,80.0,4.0,1.0,7.0,203.0,28.0,13.0,3.0,12.0,7.0,17.0,142.0,2389.5,2611.0,21.0,122.5,4.0,0.0,64.0,0.0,234.0
R_temporalpole,0.0,0.0,0.0,1.0,0.0,1.0,1.0,1.0,2.0,3.0,5.0,1.0,17.0,0.0,0.0,0.0,0.0,0.0,0.0,1.0,0.0,0.0,0.0,10.0,3.0,3.0,7.0,7.0,1.0,0.0,3.0,0.0,0.0,1.0,4.0,4.0,5.0,21.5,642.0,961.5,90.0,1459.0,19.0,226.5,1409.5,237.0,260.5,919.0,184.5,0.0,4.0,107.0,10.0,33.0,4.0,2.0,7.0,42.0,11.0,124.0,25.0,83.0,794.5,9.0,64.0,0.0,1.0,5343.5
R_transversetemporal,0.0,0.0,1.0,1.0,0.0,1.0,9.0,4.0,14.0,4.0,0.0,1.0,0.0,4.0,0.0,5.0,1.0,0.0,0.0,1.0,8.0,2.0,3.0,105.0,0.0,1.0,7.0,69.0,9.0,10.0,0.0,0.0,1.0,3.0,29.0,1.0,16.0,4.0,0.0,13.0,352.5,34.0,36.0,33.0,12.0,5.0,0.0,72.0,4.0,6.0,26.0,8.0,21.0,2.0,164.5,4.0,76.0,203.5,0.0,16.0,30.0,1223.5,7281.0,1500.0,0.0,1.0,0.0,3001.5
R_insula,1.0,18.0,24.0,13.0,0.0,8.0,31.5,17.0,44.0,40.0,43.0,8.0,128.0,15.0,2.0,28.0,15.0,4.0,7.0,7.0,24.0,19.0,25.0,279.5,40.0,88.0,341.5,190.0,27.0,26.0,22.0,2.0,3.0,25.0,168.5,78.0,324.0,138.5,727.0,413.0,1753.0,629.5,130.0,1636.0,10785.0,828.0,1798.0,1310.0,64.0,65.0,5014.5,1880.0,4721.0,196.0,7040.5,48.0,5694.0,501.0,188.0,1326.0,1636.5,3649.0,8852.5,7464.5,234.0,5343.5,3001.5,0.0
