,L_bankssts,L_caudalanteriorcingulate,L_caudalmiddlefrontal,L_cuneus,L_entorhinal,L_fusiform,L_inferiorparietal,L_inferiortemporal,L_isthmuscingulate,L_lateraloccipital,L_lateralorbitofrontal,L_lingual,L_medialorbitofrontal,L_middletemporal,L_parahippocampal,L_paracentral,L_parsopercularis,L_parsorbitalis,L_parstriangularis,L_pericalcarine,L_postcentral,L_posteriorcingulate,L_precentral,L_precuneus,L_rostralanteriorcingulate,L_rostralmiddlefrontal,L_superiorfrontal,L_superiorparietal,L_superiortemporal,L_supramarginal,L_frontalpole,L_temporalpole,L_transversetemporal,L_insula,R_bankssts,R_caudalanteriorcingulate,R_caudalmiddlefrontal,R_cuneus,R_entorhinal,R_fusiform,R_inferiorparietal,R_inferiortemporal,R_isthmuscingulate,R_lateraloccipital,R_lateralorbitofrontal,R_lingual,R_medialorbitofrontal,R_middletemporal,R_parahippocampal,R_paracentral,R_parsopercularis,R_parsorbitalis,R_parstriangularis,R_pericalcarine,R_postcentral,R_posteriorcingulate,R_precentral,R_precuneus,R_rostralanteriorcingulate,R_rostralmiddlefrontal,R_superiorfrontal,R_superiorparietal,R_superiortemporal,R_supramarginal,R_frontalpole,R_temporalpole,R_transversetemporal,R_insula
L_bankssts,0.0,2.0,35.0,14.0,0.0,37.0,4423.0,420.0,24.0,167.0,19.0,36.0,3.0,10962.0,9.0,3.0,507.0,25.0,114.0,9.0,48.0,3.0,175.0,104.0,0.0,33.0,86.0,379.0,8797.0,1888.0,4.0,8.0,27.0,134.0,2.0,1.0,1.0,0.0,0.0,1.0,3.0,1.0,9.0,2.0,0.0,1.0,0.0,3.0,0.0,4.0,1.0,0.0,0.0,1.0,7.0,2.0,0.0,57.0,0.0,3.0,18.0,56.0,9.0,5.0,1.0,0.0,1.0,6.0
L_caudalanteriorcingulate,2.0,0.0,16.0,0.0,0.0,0.0,3.0,7.0,431.0,8.0,54.0,11.0,545.0,5.0,32.0,75.0,109.0,36.0,181.0,3.0,7.0,2728.0,10.0,1453.0,4464.0,328.0,10804.0,26.0,15.0,2.0,28.0,3.0,1.0,116.0,0.0,132.0,27.0,0.0,0.0,0.0,4.0,1.0,17.0,0.0,19.0,0.0,149.0,3.0,1.0,28.0,60.0,33.0,151.0,0.0,7.0,22.0,14.0,59.0,49.0,445.0,1606.0,14.0,6.0,2.0,55.0,0.0,1.0,13.0
L_caudalmiddlefrontal,35.0,16.0,0.0,12.0,2.0,356.0,8443.0,1946.0,30.0,458.0,40.0,25.0,3.0,520.0,7.0,47.0,13121.0,49.0,698.0,8.0,1858.0,30.0,39914.0,218.0,3.0,14467.0,27471.0,6715.0,464.0,2982.0,4.0,9.0,79.0,811.0,1.0,53.0,501.0,1.0,1.0,1.0,36.0,7.0,13.0,3.0,4.0,0.0,1.0,12.0,1.0,102.0,437.0,11.0,165.0,0.0,38.0,45.0,147.0,129.0,2.0,456.0,4007.0,80.0,9.0,24.0,5.0,0.0,2.0,41.0
L_cuneus,14.0,0.0,12.0,0.0,112.0,714.0,190.0,792.0,1741.0,11299.0,79.0,10147.0,17.0,364.0,631.0,1.0,12.0,73.0,27.0,24526.0,2.0,2.0,14.0,6174.0,1.0,50.0,33.0,12593.0,397.0,14.0,9.0,84.0,1.0,147.0,5.0,1.0,3.0,438.0,1.0,36.0,32.0,39.0,422.0,1253.0,10.0,1557.0,2.0,25.0,32.0,3.0,0.0,0.0,0.0,162.0,1.0,2.0,0.0,663.0,0.0,4.0,8.0,663.0,31.0,2.0,0.0,1.0,0.0,10.0
L_entorhinal,0.0,0.0,2.0,112.0,0.0,1016.0,19.0,103.0,149.0,85.0,50.0,238.0,20.0,26.0,2038.0,1.0,2.0,15.0,2.0,113.0,0.0,15.0,4.0,369.0,9.0,15.0,29.0,138.0,52.0,4.0,0.0,887.0,4.0,1463.0,0.0,0.0,0.0,4.0,0.0,1.0,0.0,3.0,15.0,18.0,2.0,5.0,2.0,3.0,1.0,3.0,0.0,1.0,0.0,5.0,1.0,1.0,1.0,45.0,2.0,0.0,2.0,19.0,4.0,0.0,0.0,0.0,1.0,1.0
L_fusiform,37.0,0.0,356.0,714.0,1016.0,0.0,4039.0,26429.0,349.0,31181.0,265.0,13062.0,58.0,1340.0,3072.0,1.0,350.0,166.0,99.0,1028.0,40.0,4.0,146.0,709.0,5.0,264.0,211.0,4814.0,955.0,182.0,39.0,1601.0,24.0,349.0,2.0,4.0,2.0,83.0,2.0,24.0,26.0,42.0,94.0,553.0,9.0,148.0,6.0,23.0,18.0,4.0,3.0,7.0,2.0,60.0,0.0,4.0,2.0,386.0,1.0,12.0,41.0,401.0,36.0,3.0,2.0,0.0,4.0,9.0
L_inferiorparietal,4423.0,3.0,8443.0,190.0,19.0,4039.0,0.0,18612.0,328.0,23087.0,281.0,510.0,49.0,24819.0,161.0,13.0,2248.0,241.0,327.0,113.0,3036.0,14.0,4655.0,1203.0,2.0,1230.0,899.0,52912.0,7672.0,13623.0,44.0,108.0,443.0,2092.0,4.0,4.0,22.0,83.0,1.0,35.0,94.0,76.0,176.0,686.0,25.0,142.0,3.0,68.0,17.0,47.0,26.0,8.0,12.0,70.0,24.0,17.0,16.0,928.0,4.0,29.0,242.0,875.0,88.0,34.0,4.0,1.0,13.0,27.0
L_inferiortemporal,420.0,7.0,1946.0,792.0,103.0,26429.0,18612.0,0.0,256.0,18257.0,393.0,7126.0,119.0,17671.0,761.0,6.0,3397.0,214.0,525.0,1109.0,301.0,16.0,1424.0,878.0,4.0,862.0,1123.0,4535.0,1919.0,3581.0,54.0,1833.0,69.0,588.0,8.0,11.0,9.0,46.0,0.0,25.0,62.0,79.0,117.0,283.0,17.0,122.0,11.0,56.0,8.0,14.0,14.0,8.0,10.0,32.0,9.0,12.0,10.0,625.0,5.0,30.0,190.0,528.0,70.0,20.0,3.0,3.0,10.0,21.0
L_isthmuscingulate,24.0,431.0,30.0,1741.0,149.0,349.0,328.0,256.0,0.0,2443.0,91.0,1917.0,456.0,234.0,1146.0,17.0,87.0,45.0,78.0,1346.0,20.0,4662.0,39.0,20168.0,1147.0,163.0,3535.0,3217.0,704.0,106.0,34.0,34.0,63.0,279.0,16.0,40.0,8.0,154.0,2.0,28.0,108.0,77.0,1212.0,465.0,41.0,133.0,221.0,96.0,24.0,145.0,13.0,13.0,21.0,79.0,42.0,197.0,34.0,1626.0,64.0,96.0,397.0,911.0,191.0,54.0,88.0,1.0,42.0,31.0
L_lateraloccipital,167.0,8.0,458.0,11299.0,85.0,31181.0,23087.0,18257.0,2443.0,0.0,825.0,14319.0,102.0,6380.0,538.0,5.0,515.0,769.0,454.0,9998.0,70.0,17.0,257.0,1230.0,10.0,790.0,650.0,17438.0,5382.0,381.0,91.0,407.0,37.0,2024.0,6.0,7.0,9.0,1428.0,12.0,279.0,227.0,339.0,1259.0,8003.0,85.0,1706.0,11.0,172.0,172.0,0.0,4.0,28.0,17.0,872.0,1.0,8.0,10.0,3533.0,7.0,52.0,144.0,3815.0,166.0,14.0,13.0,5.0,10.0,68.0
L_lateralorbitofrontal,19.0,54.0,40.0,79.0,50.0,265.0,281.0,393.0,91.0,825.0,0.0,894.0,3963.0,1038.0,71.0,4.0,1043.0,10200.0,2673.0,125.0,83.0,27.0,167.0,147.0,346.0,4350.0,804.0,358.0,3079.0,76.0,1049.0,1344.0,14.0,10758.0,1.0,39.0,2.0,2.0,0.0,0.0,23.0,10.0,53.0,10.0,279.0,15.0,1225.0,5.0,3.0,3.0,4.0,35.0,12.0,1.0,0.0,17.0,4.0,176.0,85.0,208.0,582.0,117.0,23.0,3.0,500.0,1.0,1.0,17.0
L_lingual,36.0,11.0,25.0,10147.0,238.0,13062.0,510.0,7126.0,1917.0,14319.0,894.0,0.0,182.0,2586.0,1923.0,1.0,80.0,774.0,297.0,21649.0,10.0,26.0,47.0,3883.0,29.0,603.0,426.0,7159.0,1729.0,54.0,103.0,710.0,8.0,728.0,2.0,8.0,3.0,376.0,6.0,49.0,38.0,55.0,342.0,1504.0,15.0,2292.0,12.0,26.0,35.0,3.0,4.0,8.0,5.0,225.0,0.0,2.0,0.0,638.0,5.0,48.0,96.0,750.0,33.0,1.0,6.0,1.0,3.0,13.0
L_medialorbitofrontal,3.0,545.0,3.0,17.0,20.0,58.0,49.0,119.0,456.0,102.0,3963.0,182.0,0.0,163.0,42.0,7.0,2.0,164.0,24.0,26.0,3.0,500.0,3.0,503.0,6176.0,422.0,5528.0,78.0,445.0,7.0,2974.0,384.0,0.0,3129.0,0.0,249.0,1.0,2.0,0.0,3.0,12.0,13.0,83.0,6.0,882.0,1.0,5399.0,27.0,1.0,10.0,4.0,110.0,17.0,1.0,2.0,94.0,3.0,209.0,845.0,586.0,2184.0,30.0,37.0,2.0,1664.0,13.0,2.0,39.0
L_middletemporal,10962.0,5.0,520.0,364.0,26.0,1340.0,24819.0,17671.0,234.0,6380.0,1038.0,2586.0,163.0,0.0,203.0,3.0,2185.0,539.0,587.0,498.0,233.0,14.0,930.0,759.0,26.0,602.0,749.0,3594.0,16403.0,6793.0,71.0,384.0,86.0,891.0,7.0,9.0,4.0,14.0,0.0,3.0,80.0,46.0,113.0,105.0,13.0,46.0,18.0,42.0,5.0,25.0,10.0,4.0,7.0,13.0,21.0,20.0,7.0,638.0,4.0,41.0,162.0,473.0,87.0,19.0,8.0,0.0,7.0,23.0
L_parahippocampal,9.0,32.0,7.0,631.0,2038.0,3072.0,161.0,761.0,1146.0,538.0,71.0,1923.0,42.0,203.0,0.0,3.0,17.0,40.0,19.0,609.0,14.0,117.0,23.0,2564.0,70.0,46.0,340.0,997.0,325.0,28.0,8.0,298.0,11.0,94.0,2.0,0.0,1.0,20.0,0.0,4.0,20.0,17.0,84.0,74.0,7.0,36.0,11.0,12.0,3.0,23.0,2.0,2.0,0.0,18.0,8.0,15.0,8.0,237.0,1.0,4.0,49.0,156.0,20.0,7.0,5.0,0.0,5.0,6.0
L_paracentral,3.0,75.0,47.0,1.0,1.0,1.0,13.0,6.0,17.0,5.0,4.0,1.0,7.0,3.0,3.0,0.0,97.0,2.0,16.0,0.0,3279.0,6833.0,13499.0,3366.0,22.0,28.0,8455.0,1018.0,51.0,183.0,0.0,0.0,13.0,129.0,4.0,36.0,32.0,1.0,1.0,1.0,44.0,6.0,506.0,4.0,3.0,0.0,9.0,8.0,27.0,4210.0,40.0,3.0,19.0,0.0,607.0,559.0,3256.0,935.0,20.0,30.0,2011.0,450.0,44.0,113.0,1.0,0.0,10.0,26.0
L_parsopercularis,507.0,109.0,13121.0,12.0,2.0,350.0,2248.0,3397.0,87.0,515.0,1043.0,80.0,2.0,2185.0,17.0,97.0,0.0,626.0,13640.0,13.0,1029.0,196.0,11936.0,368.0,8.0,10594.0,13246.0,1189.0,3555.0,4519.0,12.0,24.0,184.0,8545.0,3.0,111.0,261.0,0.0,0.0,1.0,22.0,2.0,25.0,2.0,8.0,1.0,7.0,3.0,1.0,83.0,318.0,16.0,174.0,0.0,20.0,38.0,84.0,104.0,7.0,433.0,3123.0,37.0,7.0,9.0,5.0,0.0,1.0,27.0
L_parsorbitalis,25.0,36.0,49.0,73.0,15.0,166.0,241.0,214.0,45.0,769.0,10200.0,774.0,164.0,539.0,40.0,2.0,626.0,0.0,8481.0,134.0,55.0,12.0,133.0,124.0,20.0,6293.0,1268.0,336.0,1306.0,87.0,285.0,333.0,12.0,2376.0,1.0,16.0,7.0,0.0,1.0,0.0,17.0,3.0,40.0,7.0,28.0,4.0,106.0,5.0,3.0,3.0,17.0,59.0,60.0,0.0,1.0,7.0,5.0,139.0,18.0,339.0,495.0,68.0,11.0,5.0,182.0,0.0,0.0,5.0
L_parstriangularis,114.0,181.0,698.0,27.0,2.0,99.0,327.0,525.0,78.0,454.0,2673.0,297.0,24.0,587.0,19.0,16.0,13640.0,8481.0,0.0,50.0,224.0,69.0,632.0,150.0,32.0,12432.0,4956.0,272.0,1197.0,500.0,32.0,74.0,46.0,4527.0,1.0,89.0,64.0,2.0,0.0,0.0,10.0,5.0,36.0,3.0,4.0,7.0,19.0,5.0,0.0,21.0,163.0,69.0,306.0,0.0,6.0,11.0,27.0,105.0,12.0,801.0,1877.0,43.0,8.0,13.0,43.0,0.0,1.0,26.0
L_pericalcarine,9.0,3.0,8.0,24526.0,113.0,1028.0,113.0,1109.0,1346.0,9998.0,125.0,21649.0,26.0,498.0,609.0,0.0,13.0,134.0,50.0,0.0,1.0,9.0,9.0,1607.0,1.0,83.0,50.0,6770.0,326.0,14.0,18.0,108.0,0.0,122.0,2.0,0.0,0.0,301.0,4.0,45.0,27.0,38.0,340.0,1273.0,7.0,657.0,1.0,22.0,34.0,1.0,1.0,3.0,1.0,167.0,0.0,2.0,0.0,467.0,1.0,6.0,18.0,617.0,21.0,2.0,0.0,0.0,0.0,2.0
L_postcentral,48.0,7.0,1858.0,2.0,0.0,40.0,3036.0,301.0,20.0,70.0,83.0,10.0,3.0,233.0,14.0,3279.0,1029.0,55.0,224.0,1.0,0.0,221.0,79010.0,781.0,1.0,166.0,1275.0,15414.0,1261.0,25547.0,1.0,5.0,724.0,8742.0,2.0,12.0,19.0,0.0,0.0,2.0,16.0,11.0,241.0,1.0,0.0,1.0,5.0,11.0,9.0,961.0,22.0,0.0,8.0,0.0,406.0,204.0,549.0,545.0,16.0,14.0,450.0,369.0,36.0,102.0,0.0,0.0,10.0,14.0
L_posteriorcingulate,3.0,2728.0,30.0,2.0,15.0,4.0,14.0,16.0,4662.0,17.0,27.0,26.0,500.0,14.0,117.0,6833.0,196.0,12.0,69.0,9.0,221.0,0.0,672.0,14672.0,1872.0,138.0,13355.0,271.0,39.0,31.0,28.0,6.0,4.0,163.0,4.0,95.0,54.0,0.0,0.0,4.0,35.0,8.0,469.0,7.0,17.0,2.0,229.0,27.0,18.0,971.0,68.0,9.0,49.0,1.0,173.0,416.0,387.0,858.0,78.0,169.0,3096.0,412.0,68.0,79.0,70.0,0.0,11.0,44.0
L_precentral,175.0,10.0,39914.0,14.0,4.0,146.0,4655.0,1424.0,39.0,257.0,167.0,47.0,3.0,930.0,23.0,13499.0,11936.0,133.0,632.0,9.0,79010.0,672.0,0.0,2032.0,5.0,1089.0,31696.0,9832.0,1977.0,10526.0,3.0,11.0,377.0,11431.0,3.0,48.0,282.0,0.0,3.0,1.0,103.0,12.0,314.0,2.0,5.0,1.0,6.0,6.0,26.0,4709.0,163.0,5.0,59.0,0.0,597.0,402.0,5440.0,781.0,7.0,113.0,5899.0,406.0,21.0,71.0,3.0,0.0,9.0,45.0
L_precuneus,104.0,1453.0,218.0,6174.0,369.0,709.0,1203.0,878.0,20168.0,1230.0,147.0,3883.0,503.0,759.0,2564.0,3366.0,368.0,124.0,150.0,1607.0,781.0,14672.0,2032.0,0.0,1708.0,288.0,10218.0,17647.0,2335.0,1136.0,30.0,111.0,279.0,936.0,122.0,125.0,78.0,195.0,16.0,100.0,1134.0,723.0,3172.0,1438.0,223.0,394.0,217.0,799.0,102.0,2075.0,87.0,90.0,74.0,164.0,825.0,1202.0,598.0,10808.0,115.0,208.0,1634.0,7193.0,1572.0,782.0,85.0,4.0,218.0,306.0
L_rostralanteriorcingulate,0.0,4464.0,3.0,1.0,9.0,5.0,2.0,4.0,1147.0,10.0,346.0,29.0,6176.0,26.0,70.0,22.0,8.0,20.0,32.0,1.0,1.0,1872.0,5.0,1708.0,0.0,121.0,7572.0,24.0,51.0,2.0,76.0,51.0,0.0,411.0,0.0,315.0,4.0,0.0,0.0,0.0,6.0,1.0,31.0,1.0,98.0,0.0,920.0,2.0,1.0,20.0,12.0,38.0,63.0,0.0,13.0,29.0,7.0,83.0,457.0,283.0,1433.0,25.0,11.0,6.0,251.0,0.0,0.0,14.0
L_rostralmiddlefrontal,33.0,328.0,14467.0,50.0,15.0,264.0,1230.0,862.0,163.0,790.0,4350.0,603.0,422.0,602.0,46.0,28.0,10594.0,6293.0,12432.0,83.0,166.0,138.0,1089.0,288.0,121.0,0.0,60609.0,619.0,942.0,579.0,1518.0,193.0,9.0,1563.0,1.0,257.0,393.0,2.0,0.0,3.0,42.0,17.0,70.0,6.0,199.0,10.0,574.0,32.0,2.0,35.0,810.0,517.0,1251.0,2.0,26.0,48.0,105.0,198.0,142.0,4387.0,8822.0,98.0,23.0,51.0,941.0,0.0,2.0,121.0
L_superiorfrontal,86.0,10804.0,27471.0,33.0,29.0,211.0,899.0,1123.0,3535.0,650.0,804.0,426.0,5528.0,749.0,340.0,8455.0,13246.0,1268.0,4956.0,50.0,1275.0,13355.0,31696.0,10218.0,7572.0,60609.0,0.0,2206.0,1388.0,1049.0,5189.0,108.0,72.0,6371.0,12.0,2396.0,2645.0,0.0,0.0,7.0,406.0,81.0,431.0,30.0,424.0,26.0,2533.0,111.0,11.0,2991.0,3581.0,1245.0,3322.0,2.0,328.0,1081.0,4433.0,1456.0,1665.0,11083.0,54824.0,497.0,104.0,218.0,2919.0,3.0,17.0,454.0
L_superiorparietal,379.0,26.0,6715.0,12593.0,138.0,4814.0,52912.0,4535.0,3217.0,17438.0,358.0,7159.0,78.0,3594.0,997.0,1018.0,1189.0,336.0,272.0,6770.0,15414.0,271.0,9832.0,17647.0,24.0,619.0,2206.0,0.0,11684.0,13208.0,40.0,187.0,2083.0,5206.0,58.0,26.0,50.0,700.0,11.0,148.0,723.0,485.0,1706.0,3509.0,152.0,930.0,14.0,540.0,126.0,819.0,38.0,49.0,25.0,422.0,394.0,387.0,266.0,6158.0,15.0,60.0,658.0,5382.0,861.0,410.0,4.0,1.0,113.0,187.0
L_superiortemporal,8797.0,15.0,464.0,397.0,52.0,955.0,7672.0,1919.0,704.0,5382.0,3079.0,1729.0,445.0,16403.0,325.0,51.0,3555.0,1306.0,1197.0,326.0,1261.0,39.0,1977.0,2335.0,51.0,942.0,1388.0,11684.0,0.0,15711.0,165.0,449.0,9962.0,11465.0,15.0,34.0,16.0,21.0,0.0,13.0,140.0,95.0,272.0,130.0,28.0,63.0,46.0,128.0,10.0,121.0,21.0,13.0,30.0,14.0,62.0,94.0,35.0,1498.0,15.0,95.0,337.0,1038.0,192.0,69.0,27.0,0.0,29.0,40.0
L_supramarginal,1888.0,2.0,2982.0,14.0,4.0,182.0,13623.0,3581.0,106.0,381.0,76.0,54.0,7.0,6793.0,28.0,183.0,4519.0,87.0,500.0,14.0,25547.0,31.0,10526.0,1136.0,2.0,579.0,1049.0,13208.0,15711.0,0.0,4.0,16.0,2796.0,4935.0,10.0,13.0,17.0,1.0,0.0,2.0,30.0,10.0,91.0,7.0,1.0,2.0,2.0,25.0,1.0,304.0,15.0,0.0,10.0,2.0,123.0,106.0,70.0,587.0,3.0,18.0,254.0,479.0,74.0,92.0,0.0,0.0,17.0,24.0
L_frontalpole,4.0,28.0,4.0,9.0,0.0,39.0,44.0,54.0,34.0,91.0,1049.0,103.0,2974.0,71.0,8.0,0.0,12.0,285.0,32.0,18.0,1.0,28.0,3.0,30.0,76.0,1518.0,5189.0,40.0,165.0,4.0,0.0,53.0,0.0,209.0,0.0,50.0,1.0,0.0,0.0,1.0,2.0,3.0,30.0,3.0,247.0,7.0,1229.0,9.0,0.0,1.0,2.0,159.0,10.0,0.0,3.0,18.0,3.0,67.0,215.0,847.0,1396.0,8.0,6.0,1.0,1188.0,2.0,0.0,18.0
L_temporalpole,8.0,3.0,9.0,84.0,887.0,1601.0,108.0,1833.0,34.0,407.0,1344.0,710.0,384.0,384.0,298.0,0.0,24.0,333.0,74.0,108.0,5.0,6.0,11.0,111.0,51.0,193.0,108.0,187.0,449.0,16.0,53.0,0.0,0.0,3633.0,0.0,0.0,0.0,2.0,0.0,1.0,7.0,7.0,15.0,13.0,5.0,6.0,29.0,3.0,0.0,1.0,0.0,2.0,2.0,1.0,0.0,0.0,2.0,66.0,5.0,10.0,42.0,48.0,2.0,0.0,10.0,0.0,1.0,4.0
L_transversetemporal,27.0,1.0,79.0,1.0,4.0,24.0,443.0,69.0,63.0,37.0,14.0,8.0,0.0,86.0,11.0,13.0,184.0,12.0,46.0,0.0,724.0,4.0,377.0,279.0,0.0,9.0,72.0,2083.0,9962.0,2796.0,0.0,0.0,0.0,4076.0,1.0,1.0,1.0,1.0,0.0,0.0,12.0,8.0,16.0,2.0,2.0,3.0,0.0,3.0,0.0,32.0,2.0,1.0,0.0,0.0,7.0,10.0,5.0,116.0,0.0,1.0,16.0,82.0,11.0,7.0,0.0,0.0,3.0,3.0
L_insula,134.0,116.0,811.0,147.0,1463.0,349.0,2092.0,588.0,279.0,2024.0,10758.0,728.0,3129.0,891.0,94.0,129.0,8545.0,2376.0,4527.0,122.0,8742.0,163.0,11431.0,936.0,411.0,1563.0,6371.0,5206.0,11465.0,4935.0,209.0,3633.0,4076.0,0.0,7.0,87.0,104.0,11.0,0.0,6.0,88.0,57.0,111.0,74.0,60.0,32.0,128.0,55.0,7.0,109.0,125.0,33.0,120.0,2.0,46.0,59.0,99.0,581.0,49.0,295.0,1938.0,432.0,93.0,36.0,58.0,0.0,14.0,33.0
R_bankssts,2.0,0.0,1.0,5.0,0.0,2.0,4.0,8.0,16.0,6.0,1.0,2.0,0.0,7.0,2.0,4.0,3.0,1.0,1.0,2.0,2.0,4.0,3.0,122.0,0.0,1.0,12.0,58.0,15.0,10.0,0.0,0.0,1.0,7.0,0.0,1.0,61.0,22.0,0.0,36.0,8108.0,265.0,49.0,277.0,26.0,30.0,0.0,6126.0,4.0,6.0,165.0,22.0,118.0,15.0,42.0,7.0,94.0,145.0,0.0,74.0,31.0,1202.0,10979.0,1668.0,1.0,0.0,64.0,119.0
R_caudalanteriorcingulate,1.0,132.0,53.0,1.0,0.0,4.0,4.0,11.0,40.0,7.0,39.0,8.0,249.0,9.0,0.0,36.0,111.0,16.0,89.0,0.0,12.0,95.0,48.0,125.0,315.0,257.0,2396.0,26.0,34.0,13.0,50.0,0.0,1.0,87.0,1.0,0.0,15.0,1.0,1.0,1.0,6.0,2.0,667.0,2.0,29.0,1.0,818.0,2.0,5.0,191.0,61.0,23.0,92.0,0.0,5.0,2409.0,19.0,2106.0,2994.0,209.0,13679.0,62.0,9.0,7.0,90.0,1.0,2.0,18.0
R_caudalmiddlefrontal,1.0,27.0,501.0,3.0,0.0,2.0,22.0,9.0,8.0,9.0,2.0,3.0,1.0,4.0,1.0,32.0,261.0,7.0,64.0,0.0,19.0,54.0,282.0,78.0,4.0,393.0,2645.0,50.0,16.0,17.0,1.0,0.0,1.0,104.0,61.0,15.0,0.0,22.0,0.0,143.0,8379.0,2151.0,19.0,432.0,41.0,47.0,2.0,1123.0,4.0,33.0,6270.0,61.0,794.0,9.0,1474.0,6.0,20833.0,69.0,1.0,16655.0,30481.0,2719.0,500.0,277.0,9.0,3.0,99.0,328.0
R_cuneus,0.0,0.0,1.0,438.0,4.0,83.0,83.0,46.0,154.0,1428.0,2.0,376.0,2.0,14.0,20.0,1.0,0.0,0.0,2.0,301.0,0.0,0.0,0.0,195.0,0.0,2.0,0.0,700.0,21.0,1.0,0.0,2.0,1.0,11.0,22.0,1.0,22.0,0.0,125.0,893.0,178.0,619.0,958.0,6346.0,119.0,15181.0,11.0,426.0,1250.0,1.0,7.0,34.0,7.0,37286.0,2.0,2.0,2.0,5577.0,0.0,24.0,8.0,13627.0,369.0,14.0,4.0,5.0,11.0,82.0
R_entorhinal,0.0,0.0,1.0,1.0,0.0,2.0,1.0,0.0,2.0,12.0,0.0,6.0,0.0,0.0,0.0,1.0,0.0,1.0,0.0,4.0,0.0,0.0,3.0,16.0,0.0,0.0,0.0,11.0,0.0,0.0,0.0,0.0,0.0,0.0,0.0,1.0,0.0,125.0,0.0,1717.0,15.0,159.0,96.0,135.0,21.0,285.0,15.0,27.0,2275.0,0.0,0.0,2.0,0.0,79.0,0.0,5.0,0.0,492.0,2.0,2.0,10.0,127.0,9.0,0.0,1.0,478.0,0.0,643.0
R_fusiform,1.0,0.0,1.0,36.0,1.0,24.0,35.0,25.0,28.0,279.0,0.0,49.0,3.0,3.0,4.0,1.0,1.0,0.0,0.0,45.0,2.0,4.0,1.0,100.0,0.0,3.0,7.0,148.0,13.0,2.0,1.0,1.0,0.0,6.0,36.0,1.0,143.0,893.0,1717.0,0.0,1664.0,19732.0,185.0,32147.0,475.0,11254.0,67.0,1586.0,4885.0,3.0,39.0,133.0,37.0,892.0,11.0,3.0,33.0,747.0,1.0,149.0,39.0,5853.0,727.0,38.0,22.0,258.0,15.0,352.0
R_inferiorparietal,3.0,4.0,36.0,32.0,0.0,26.0,94.0,62.0,108.0,227.0,23.0,38.0,12.0,80.0,20.0,44.0,22.0,17.0,10.0,27.0,16.0,35.0,103.0,1134.0,6.0,42.0,406.0,723.0,140.0,30.0,2.0,7.0,12.0,88.0,8108.0,6.0,8379.0,178.0,15.0,1664.0,0.0,18372.0,259.0,19206.0,466.0,643.0,18.0,50834.0,69.0,85.0,5301.0,249.0,1197.0,115.0,2693.0,25.0,11679.0,972.0,2.0,4827.0,2733.0,50058.0,9781.0,17242.0,23.0,25.0,748.0,1529.0
R_inferiortemporal,1.0,1.0,7.0,39.0,3.0,42.0,76.0,79.0,77.0,339.0,10.0,55.0,13.0,46.0,17.0,6.0,2.0,3.0,5.0,38.0,11.0,8.0,12.0,723.0,1.0,17.0,81.0,485.0,95.0,10.0,3.0,7.0,8.0,57.0,265.0,2.0,2151.0,619.0,159.0,19732.0,18372.0,0.0,195.0,20513.0,950.0,5292.0,155.0,22825.0,890.0,12.0,1186.0,340.0,538.0,787.0,120.0,9.0,712.0,805.0,1.0,2893.0,438.0,5523.0,1720.0,256.0,49.0,1037.0,62.0,444.0
R_isthmuscingulate,9.0,17.0,13.0,422.0,15.0,94.0,176.0,117.0,1212.0,1259.0,53.0,342.0,83.0,113.0,84.0,506.0,25.0,40.0,36.0,340.0,241.0,469.0,314.0,3172.0,31.0,70.0,431.0,1706.0,272.0,91.0,30.0,15.0,16.0,111.0,49.0,667.0,19.0,958.0,96.0,185.0,259.0,195.0,0.0,1443.0,54.0,886.0,311.0,286.0,1203.0,48.0,49.0,20.0,50.0,440.0,26.0,2859.0,24.0,22588.0,462.0,84.0,3640.0,2131.0,704.0,120.0,47.0,3.0,102.0,129.0
R_lateraloccipital,2.0,0.0,3.0,1253.0,18.0,553.0,686.0,283.0,465.0,8003.0,10.0,1504.0,6.0,105.0,74.0,4.0,2.0,7.0,3.0,1273.0,1.0,7.0,2.0,1438.0,1.0,6.0,30.0,3509.0,130.0,7.0,3.0,13.0,2.0,74.0,277.0,2.0,432.0,6346.0,135.0,32147.0,19206.0,20513.0,1443.0,0.0,1611.0,18838.0,63.0,9090.0,890.0,6.0,95.0,475.0,177.0,7632.0,19.0,5.0,151.0,1205.0,0.0,428.0,106.0,36894.0,6478.0,156.0,40.0,43.0,88.0,1940.0
R_lateralorbitofrontal,0.0,19.0,4.0,10.0,2.0,9.0,25.0,17.0,41.0,85.0,279.0,15.0,882.0,13.0,7.0,3.0,8.0,28.0,4.0,7.0,0.0,17.0,5.0,223.0,98.0,199.0,424.0,152.0,28.0,1.0,247.0,5.0,2.0,60.0,26.0,29.0,41.0,119.0,21.0,475.0,466.0,950.0,54.0,1611.0,0.0,1434.0,6505.0,2091.0,88.0,4.0,315.0,6406.0,1477.0,187.0,205.0,13.0,368.0,194.0,102.0,2442.0,348.0,907.0,4706.0,198.0,865.0,880.0,17.0,12294.0
R_lingual,1.0,0.0,0.0,1557.0,5.0,148.0,142.0,122.0,133.0,1706.0,15.0,2292.0,1.0,46.0,36.0,0.0,1.0,4.0,7.0,657.0,1.0,2.0,1.0,394.0,0.0,10.0,26.0,930.0,63.0,2.0,7.0,6.0,3.0,32.0,30.0,1.0,47.0,15181.0,285.0,11254.0,643.0,5292.0,886.0,18838.0,1434.0,0.0,73.0,2619.0,3268.0,3.0,27.0,454.0,132.0,26641.0,4.0,3.0,22.0,5178.0,0.0,206.0,43.0,5337.0,1483.0,27.0,42.0,69.0,17.0,700.0
R_medialorbitofrontal,0.0,149.0,1.0,2.0,2.0,6.0,3.0,11.0,221.0,11.0,1225.0,12.0,5399.0,18.0,11.0,9.0,7.0,106.0,19.0,1.0,5.0,229.0,6.0,217.0,920.0,574.0,2533.0,14.0,46.0,2.0,1229.0,29.0,0.0,128.0,0.0,818.0,2.0,11.0,15.0,67.0,18.0,155.0,311.0,63.0,6505.0,73.0,0.0,434.0,14.0,29.0,5.0,144.0,9.0,10.0,5.0,392.0,3.0,468.0,4201.0,424.0,7380.0,49.0,1822.0,2.0,4311.0,682.0,1.0,1514.0
R_middletemporal,3.0,3.0,12.0,25.0,3.0,23.0,68.0,56.0,96.0,172.0,5.0,26.0,27.0,42.0,12.0,8.0,3.0,5.0,5.0,22.0,11.0,27.0,6.0,799.0,2.0,32.0,111.0,540.0,128.0,25.0,9.0,3.0,3.0,55.0,6126.0,2.0,1123.0,426.0,27.0,1586.0,50834.0,22825.0,286.0,9090.0,2091.0,2619.0,434.0,0.0,210.0,17.0,2082.0,565.0,1370.0,442.0,154.0,17.0,751.0,830.0,7.0,2777.0,612.0,7004.0,16957.0,2008.0,70.0,1304.0,85.0,1164.0
R_parahippocampal,0.0,1.0,1.0,32.0,1.0,18.0,17.0,8.0,24.0,172.0,3.0,35.0,1.0,5.0,3.0,27.0,1.0,3.0,0.0,34.0,9.0,18.0,26.0,102.0,1.0,2.0,11.0,126.0,10.0,1.0,0.0,0.0,0.0,7.0,4.0,5.0,4.0,1250.0,2275.0,4885.0,69.0,890.0,1203.0,890.0,88.0,3268.0,14.0,210.0,0.0,0.0,5.0,26.0,9.0,958.0,2.0,31.0,2.0,4461.0,4.0,15.0,90.0,983.0,124.0,9.0,2.0,16.0,8.0,45.0
R_paracentral,4.0,28.0,102.0,3.0,3.0,4.0,47.0,14.0,145.0,0.0,3.0,3.0,10.0,25.0,23.0,4210.0,83.0,3.0,21.0,1.0,961.0,971.0,4709.0,2075.0,20.0,35.0,2991.0,819.0,121.0,304.0,1.0,1.0,32.0,109.0,6.0,191.0,33.0,1.0,0.0,3.0,85.0,12.0,48.0,6.0,4.0,3.0,29.0,17.0,0.0,0.0,83.0,7.0,46.0,1.0,3965.0,6025.0,11188.0,7858.0,47.0,42.0,10818.0,2461.0,56.0,340.0,2.0,0.0,18.0,112.0
R_parsopercularis,1.0,60.0,437.0,0.0,0.0,3.0,26.0,14.0,13.0,4.0,4.0,4.0,4.0,10.0,2.0,40.0,318.0,17.0,163.0,1.0,22.0,68.0,163.0,87.0,12.0,810.0,3581.0,38.0,21.0,15.0,2.0,0.0,2.0,125.0,165.0,61.0,6270.0,7.0,0.0,39.0,5301.0,1186.0,49.0,95.0,315.0,27.0,5.0,2082.0,5.0,83.0,0.0,387.0,11410.0,3.0,956.0,47.0,17538.0,192.0,2.0,10358.0,13419.0,1360.0,1141.0,5080.0,12.0,0.0,86.0,6991.0
R_parsorbitalis,0.0,33.0,11.0,0.0,1.0,7.0,8.0,8.0,13.0,28.0,35.0,8.0,110.0,4.0,2.0,3.0,16.0,59.0,69.0,3.0,0.0,9.0,5.0,90.0,38.0,517.0,1245.0,49.0,13.0,0.0,159.0,2.0,1.0,33.0,22.0,23.0,61.0,34.0,2.0,133.0,249.0,340.0,20.0,475.0,6406.0,454.0,144.0,565.0,26.0,7.0,387.0,0.0,5043.0,46.0,254.0,8.0,478.0,63.0,16.0,3928.0,1631.0,299.0,576.0,333.0,441.0,98.0,17.0,1769.0
R_parstriangularis,0.0,151.0,165.0,0.0,0.0,2.0,12.0,10.0,21.0,17.0,12.0,5.0,17.0,7.0,0.0,19.0,174.0,60.0,306.0,1.0,8.0,49.0,59.0,74.0,63.0,1251.0,3322.0,25.0,30.0,10.0,10.0,2.0,0.0,120.0,118.0,92.0,794.0,7.0,0.0,37.0,1197.0,538.0,50.0,177.0,1477.0,132.0,9.0,1370.0,9.0,46.0,11410.0,5043.0,0.0,14.0,830.0,33.0,1805.0,131.0,14.0,8816.0,8659.0,438.0,928.0,2312.0,59.0,15.0,60.0,7275.0
R_pericalcarine,1.0,0.0,0.0,162.0,5.0,60.0,70.0,32.0,79.0,872.0,1.0,225.0,1.0,13.0,18.0,0.0,0.0,0.0,0.0,167.0,0.0,1.0,0.0,164.0,0.0,2.0,2.0,422.0,14.0,2.0,0.0,1.0,0.0,2.0,15.0,0.0,9.0,37286.0,79.0,892.0,115.0,787.0,440.0,7632.0,187.0,26641.0,10.0,442.0,958.0,1.0,3.0,46.0,14.0,0.0,0.0,1.0,3.0,2682.0,1.0,27.0,4.0,3112.0,335.0,8.0,10.0,7.0,8.0,131.0
R_postcentral,7.0,7.0,38.0,1.0,1.0,0.0,24.0,9.0,42.0,1.0,0.0,0.0,2.0,21.0,8.0,607.0,20.0,1.0,6.0,0.0,406.0,173.0,597.0,825.0,13.0,26.0,328.0,394.0,62.0,123.0,3.0,0.0,7.0,46.0,42.0,5.0,1474.0,2.0,0.0,11.0,2693.0,120.0,26.0,19.0,205.0,4.0,5.0,154.0,2.0,3965.0,956.0,254.0,830.0,0.0,0.0,76.0,67288.0,589.0,2.0,394.0,1481.0,13059.0,1118.0,21511.0,7.0,3.0,637.0,9671.0
R_posteriorcingulate,2.0,22.0,45.0,2.0,1.0,4.0,17.0,12.0,197.0,8.0,17.0,2.0,94.0,20.0,15.0,559.0,38.0,7.0,11.0,2.0,204.0,416.0,402.0,1202.0,29.0,48.0,1081.0,387.0,94.0,106.0,18.0,0.0,10.0,59.0,7.0,2409.0,6.0,2.0,5.0,3.0,25.0,9.0,2859.0,5.0,13.0,3.0,392.0,17.0,31.0,6025.0,47.0,8.0,33.0,1.0,76.0,0.0,192.0,14904.0,1216.0,71.0,8609.0,453.0,56.0,62.0,45.0,0.0,12.0,29.0
R_precentral,0.0,14.0,147.0,0.0,1.0,2.0,16.0,10.0,34.0,10.0,4.0,0.0,3.0,7.0,8.0,3256.0,84.0,5.0,27.0,0.0,549.0,387.0,5440.0,598.0,7.0,105.0,4433.0,266.0,35.0,70.0,3.0,2.0,5.0,99.0,94.0,19.0,20833.0,2.0,0.0,33.0,11679.0,712.0,24.0,151.0,368.0,22.0,3.0,751.0,2.0,11188.0,17538.0,478.0,1805.0,3.0,67288.0,192.0,0.0,1385.0,3.0,4010.0,32197.0,15169.0,1481.0,8419.0,9.0,4.0,359.0,6639.0
R_precuneus,57.0,59.0,129.0,663.0,45.0,386.0,928.0,625.0,1626.0,3533.0,176.0,638.0,209.0,638.0,237.0,935.0,104.0,139.0,105.0,467.0,545.0,858.0,781.0,10808.0,83.0,198.0,1456.0,6158.0,1498.0,587.0,67.0,66.0,116.0,581.0,145.0,2106.0,69.0,5577.0,492.0,747.0,972.0,805.0,22588.0,1205.0,194.0,5178.0,468.0,830.0,4461.0,7858.0,192.0,63.0,131.0,2682.0,589.0,14904.0,1385.0,0.0,1385.0,214.0,12298.0,11874.0,1360.0,586.0,70.0,6.0,213.0,296.0
R_rostralanteriorcingulate,0.0,49.0,2.0,0.0,2.0,1.0,4.0,5.0,64.0,7.0,85.0,5.0,845.0,4.0,1.0,20.0,7.0,18.0,12.0,1.0,16.0,78.0,7.0,115.0,457.0,142.0,1665.0,15.0,15.0,3.0,215.0,5.0,0.0,49.0,0.0,2994.0,1.0,0.0,2.0,1.0,2.0,1.0,462.0,0.0,102.0,0.0,4201.0,7.0,4.0,47.0,2.0,16.0,14.0,1.0,2.0,1216.0,3.0,1385.0,0.0,105.0,4681.0,33.0,14.0,1.0,204.0,1.0,0.0,15.0
R_rostralmiddlefrontal,3.0,445.0,456.0,4.0,0.0,12.0,29.0,30.0,96.0,52.0,208.0,48.0,586.0,41.0,4.0,30.0,433.0,339.0,801.0,6.0,14.0,169.0,113.0,208.0,283.0,4387.0,11083.0,60.0,95.0,18.0,847.0,10.0,1.0,295.0,74.0,209.0,16655.0,24.0,2.0,149.0,4827.0,2893.0,84.0,428.0,2442.0,206.0,424.0,2777.0,15.0,42.0,10358.0,3928.0,8816.0,27.0,394.0,71.0,4010.0,214.0,105.0,0.0,43701.0,949.0,508.0,731.0,3706.0,35.0,20.0,550.0
R_superiorfrontal,18.0,1606.0,4007.0,8.0,2.0,41.0,242.0,190.0,397.0,144.0,582.0,96.0,2184.0,162.0,49.0,2011.0,3123.0,495.0,1877.0,18.0,450.0,3096.0,5899.0,1634.0,1433.0,8822.0,54824.0,658.0,337.0,254.0,1396.0,42.0,16.0,1938.0,31.0,13679.0,30481.0,8.0,10.0,39.0,2733.0,438.0,3640.0,106.0,348.0,43.0,7380.0,612.0,90.0,10818.0,13419.0,1631.0,8659.0,4.0,1481.0,8609.0,32197.0,12298.0,4681.0,43701.0,0.0,4643.0,452.0,935.0,2099.0,6.0,56.0,1979.0
R_superiorparietal,56.0,14.0,80.0,663.0,19.0,401.0,875.0,528.0,911.0,3815.0,117.0,750.0,30.0,473.0,156.0,450.0,37.0,68.0,43.0,617.0,369.0,412.0,406.0,7193.0,25.0,98.0,497.0,5382.0,1038.0,479.0,8.0,48.0,82.0,432.0,1202.0,62.0,2719.0,13627.0,127.0,5853.0,50058.0,5523.0,2131.0,36894.0,907.0,5337.0,49.0,7004.0,983.0,2461.0,1360.0,299.0,438.0,3112.0,13059.0,453.0,15169.0,11874.0,33.0,949.0,4643.0,0.0,13348.0,23367.0,27.0,33.0,2400.0,3004.0
R_superiortemporal,9.0,6.0,9.0,31.0,4.0,36.0,88.0,70.0,191.0,166.0,23.0,33.0,37.0,87.0,20.0,44.0,7.0,11.0,8.0,21.0,36.0,68.0,21.0,1572.0,11.0,23.0,104.0,861.0,192.0,74.0,6.0,2.0,11.0,93.0,10979.0,9.0,500.0,369.0,9.0,727.0,9781.0,1720.0,704.0,6478.0,4706.0,1483.0,1822.0,16957.0,124.0,56.0,1141.0,576.0,928.0,335.0,1118.0,56.0,1481.0,1360.0,14.0,508.0,452.0,13348.0,0.0,11495.0,89.0,960.0,9164.0,12352.0
R_supramarginal,5.0,2.0,24.0,2.0,0.0,3.0,34.0,20.0,54.0,14.0,3.0,1.0,2.0,19.0,7.0,113.0,9.0,5.0,13.0,2.0,102.0,79.0,71.0,782.0,6.0,51.0,218.0,410.0,69.0,92.0,1.0,0.0,7.0,36.0,1668.0,7.0,277.0,14.0,0.0,38.0,17242.0,256.0,120.0,156.0,198.0,27.0,2.0,2008.0,9.0,340.0,5080.0,333.0,2312.0,8.0,21511.0,62.0,8419.0,586.0,1.0,731.0,935.0,23367.0,11495.0,0.0,3.0,2.0,1514.0,7348.0
R_frontalpole,1.0,55.0,5.0,0.0,0.0,2.0,4.0,3.0,88.0,13.0,500.0,6.0,1664.0,8.0,5.0,1.0,5.0,182.0,43.0,0.0,0.0,70.0,3.0,85.0,251.0,941.0,2919.0,4.0,27.0,0.0,1188.0,10.0,0.0,58.0,1.0,90.0,9.0,4.0,1.0,22.0,23.0,49.0,47.0,40.0,865.0,42.0,4311.0,70.0,2.0,2.0,12.0,441.0,59.0,10.0,7.0,45.0,9.0,70.0,204.0,3706.0,2099.0,27.0,89.0,3.0,0.0,20.0,1.0,103.0
R_temporalpole,0.0,0.0,0.0,1.0,0.0,0.0,1.0,3.0,1.0,5.0,1.0,1.0,13.0,0.0,0.0,0.0,0.0,0.0,0.0,0.0,0.0,0.0,0.0,4.0,0.0,0.0,3.0,1.0,0.0,0.0,2.0,0.0,0.0,0.0,0.0,1.0,3.0,5.0,478.0,258.0,25.0,1037.0,3.0,43.0,880.0,69.0,682.0,1304.0,16.0,0.0,0.0,98.0,15.0,7.0,3.0,0.0,4.0,6.0,1.0,35.0,6.0,33.0,960.0,2.0,20.0,0.0,0.0,4053.0
R_transversetemporal,1.0,1.0,2.0,0.0,1.0,4.0,13.0,10.0,42.0,10.0,1.0,3.0,2.0,7.0,5.0,10.0,1.0,0.0,1.0,0.0,10.0,11.0,9.0,218.0,0.0,2.0,17.0,113.0,29.0,17.0,0.0,1.0,3.0,14.0,64.0,2.0,99.0,11.0,0.0,15.0,748.0,62.0,102.0,88.0,17.0,17.0,1.0,85.0,8.0,18.0,86.0,17.0,60.0,8.0,637.0,12.0,359.0,213.0,0.0,20.0,56.0,2400.0,9164.0,1514.0,1.0,0.0,0.0,3536.0
R_insula,6.0,13.0,41.0,10.0,1.0,9.0,27.0,21.0,31.0,68.0,17.0,13.0,39.0,23.0,6.0,26.0,27.0,5.0,26.0,2.0,14.0,44.0,45.0,306.0,14.0,121.0,454.0,187.0,40.0,24.0,18.0,4.0,3.0,33.0,119.0,18.0,328.0,82.0,643.0,352.0,1529.0,444.0,129.0,1940.0,12294.0,700.0,1514.0,1164.0,45.0,112.0,6991.0,1769.0,7275.0,131.0,9671.0,29.0,6639.0,296.0,15.0,550.0,1979.0,3004.0,12352.0,7348.0,103.0,4053.0,3536.0,0.0
