,7Networks_LH_Vis_1,7Networks_LH_Vis_2,7Networks_LH_Vis_3,7Networks_LH_Vis_4,7Networks_LH_Vis_5,7Networks_LH_Vis_6,7Networks_LH_Vis_7,7Networks_LH_Vis_8,7Networks_LH_Vis_9,7Networks_LH_SomMot_1,7Networks_LH_SomMot_2,7Networks_LH_SomMot_3,7Networks_LH_SomMot_4,7Networks_LH_SomMot_5,7Networks_LH_SomMot_6,7Networks_LH_DorsAttn_Post_1,7Networks_LH_DorsAttn_Post_2,7Networks_LH_DorsAttn_Post_3,7Networks_LH_DorsAttn_Post_4,7Networks_LH_DorsAttn_Post_5,7Networks_LH_DorsAttn_Post_6,7Networks_LH_DorsAttn_PrCv_1,7Networks_LH_DorsAttn_FEF_1,7Networks_LH_SalVentAttn_ParOper_1,7Networks_LH_SalVentAttn_FrOperIns_1,7Networks_LH_SalVentAttn_FrOperIns_2,7Networks_LH_SalVentAttn_PFCl_1,7Networks_LH_SalVentAttn_Med_1,7Networks_LH_SalVentAttn_Med_2,7Networks_LH_SalVentAttn_Med_3,7Networks_LH_Limbic_OFC_1,7Networks_LH_Limbic_TempPole_1,7Networks_LH_Limbic_TempPole_2,7Networks_LH_Cont_Par_1,7Networks_LH_Cont_PFCl_1,7Networks_LH_Cont_pCun_1,7Networks_LH_Cont_Cing_1,7Networks_LH_Default_Temp_1,7Networks_LH_Default_Temp_2,7Networks_LH_Default_Par_1,7Networks_LH_Default_Par_2,7Networks_LH_Default_PFC_1,7Networks_LH_Default_PFC_2,7Networks_LH_Default_PFC_3,7Networks_LH_Default_PFC_4,7Networks_LH_Default_PFC_5,7Networks_LH_Default_PFC_6,7Networks_LH_Default_PFC_7,7Networks_LH_Default_pCunPCC_1,7Networks_LH_Default_pCunPCC_2,7Networks_RH_Vis_1,7Networks_RH_Vis_2,7Networks_RH_Vis_3,7Networks_RH_Vis_4,7Networks_RH_Vis_5,7Networks_RH_Vis_6,7Networks_RH_Vis_7,7Networks_RH_Vis_8,7Networks_RH_SomMot_1,7Networks_RH_SomMot_2,7Networks_RH_SomMot_3,7Networks_RH_SomMot_4,7Networks_RH_SomMot_5,7Networks_RH_SomMot_6,7Networks_RH_SomMot_7,7Networks_RH_SomMot_8,7Networks_RH_DorsAttn_Post_1,7Networks_RH_DorsAttn_Post_2,7Networks_RH_DorsAttn_Post_3,7Networks_RH_DorsAttn_Post_4,7Networks_RH_DorsAttn_Post_5,7Networks_RH_DorsAttn_PrCv_1,7Networks_RH_DorsAttn_FEF_1,7Networks_RH_SalVentAttn_TempOccPar_1,7Networks_RH_SalVentAttn_TempOccPar_2,7Networks_RH_SalVentAttn_FrOperIns_1,7Networks_RH_SalVentAttn_Med_1,7Networks_RH_SalVentAttn_Med_2,7Networks_RH_Limbic_OFC_1,7Networks_RH_Limbic_TempPole_1,7Networks_RH_Cont_Par_1,7Networks_RH_Cont_Par_2,7Networks_RH_Cont_PFCl_1,7Networks_RH_Cont_PFCl_2,7Networks_RH_Cont_PFCl_3,7Networks_RH_Cont_PFCl_4,7Networks_RH_Cont_Cing_1,7Networks_RH_Cont_PFCmp_1,7Networks_RH_Cont_pCun_1,7Networks_RH_Default_Par_1,7Networks_RH_Default_Temp_1,7Networks_RH_Default_Temp_2,7Networks_RH_Default_Temp_3,7Networks_RH_Default_PFCv_1,7Networks_RH_Default_PFCv_2,7Networks_RH_Default_PFCdPFCm_1,7Networks_RH_Default_PFCdPFCm_2,7Networks_RH_Default_PFCdPFCm_3,7Networks_RH_Default_pCunPCC_1,7Networks_RH_Default_pCunPCC_2
7Networks_LH_Vis_1,0.0,51.4807994258744,26.7695278278614,98.0539212908064,82.3649427408799,46.5884086814499,77.6543398413638,87.4032789465636,81.9194622105908,129.396400334285,149.835159301758,177.143358230591,0.0,161.303937276204,120.817856379918,32.9100690030218,140.572062174479,110.533720259698,0.0,148.34726524353,186.612533569336,167.537442525228,167.768869018555,164.497886657715,127.455311894417,156.43508382944,157.977145385742,126.602738734654,116.952285766602,141.824072156634,133.476006177007,41.9464424960513,103.77659383096,158.869358486599,176.730821736654,81.5059995485868,68.4622847387033,118.628857713308,137.954622992154,136.646849568685,122.997048227411,138.553868335226,155.816984249067,152.735173940659,151.421858264554,160.373828959915,158.795804595947,222.840805053711,49.3884496481349,73.6318715247194,179.551952907017,190.918856302897,158.579330444336,162.224709510803,137.07559076945,171.099681309291,182.288238525391,175.709629058838,175.940447489421,0.0,0.0,198.864410400391,0.0,0.0,0.0,141.459001394419,183.054992675781,0.0,201.737693786621,151.088756561279,145.326436360677,0.0,139.326637268066,0.0,145.532409667969,132.35538482666,133.237294514974,185.148309071859,182.157783508301,179.848134358724,190.215103149414,151.284372965495,227.848373413086,0.0,0.0,236.228088378906,99.4249303481158,155.053293228149,145.171541595459,201.353581746419,189.942578125,191.984164428711,133.865219116211,211.17333984375,181.226943969727,197.255948893229,201.735754013062,0.0,122.354489644368,124.842592638592
7Networks_LH_Vis_2,51.4807994258744,0.0,28.3691912093985,28.9810581579681,23.4745746810372,78.8813804771661,69.7491576233836,69.0623441122153,88.1561180011826,143.587392493139,173.660563877651,185.520854187012,173.338101704915,204.919403076172,215.697018432617,40.8905408247373,227.434741973877,119.677125780414,0.0,196.982634735107,245.006225585938,193.265111137839,196.91766166687,183.535327487522,114.598270744406,166.406437309421,180.313847859701,183.622668266296,239.126358032227,202.45898844401,161.477415301843,107.578331684741,108.10808055254,157.229494555243,202.790657274651,125.070904918101,137.187026977539,124.087314763818,143.576705682473,157.819463641827,141.013244882014,161.324050627047,174.044696015904,179.122777765447,176.068790697584,188.202622497974,170.543199600712,188.612174987793,95.5320814357084,143.706701195758,183.697982788086,180.356432305008,168.297808145739,119.130516768408,74.1448214505848,165.030768040248,168.722256580031,168.97332775116,215.053363800049,0.0,0.0,0.0,231.869567871094,0.0,0.0,206.774826049805,161.515213012695,0.0,220.811447143555,178.428953409195,213.060335795085,0.0,227.289733886719,0.0,0.0,188.904431152344,231.781311035156,211.255523681641,223.935470581055,200.284834396007,0.0,226.286262512207,232.513111750285,229.32194519043,219.722270965576,0.0,129.018890744164,197.213497161865,159.727378845215,232.851710001628,197.486307779948,205.151129586356,197.792289733887,220.178385925293,233.453104654948,221.981611190304,226.228001450047,0.0,133.873401641846,169.681095432591
7Networks_LH_Vis_3,26.7695278278614,28.3691912093985,0.0,95.0071727104907,25.7350219904305,25.1122677962403,81.6349259044813,76.0552104567298,53.9589930045552,145.896291097005,178.266754150391,0.0,0.0,0.0,173.59375,55.7673453055473,0.0,116.039815759659,0.0,200.668174743652,176.64826965332,204.566387600369,210.153686523438,176.082702636719,126.23189859942,174.687706947327,173.585983276367,148.960114479065,0.0,213.472666422526,141.496096702077,91.5379912517584,96.3442577857756,130.916776384626,179.656496047974,79.0727823430842,110.038364171982,115.570472216815,149.239331139459,157.724141047551,146.237131407767,143.422604763147,158.596126524069,170.555583408901,160.890083899865,177.311493518306,215.935610961914,154.103988647461,53.4323289459998,88.2532297574557,190.21110534668,173.351350097656,176.855897408945,126.807209793102,24.364766067564,143.419710213797,166.514912559873,163.527635464723,244.109436035156,0.0,0.0,0.0,0.0,0.0,0.0,183.447891235352,146.757171630859,0.0,0.0,180.155630672679,215.452921549479,0.0,0.0,0.0,0.0,190.325881958008,0.0,243.225891113281,215.104724884033,207.389513015747,0.0,0.0,218.879783630371,190.824630737305,0.0,235.806640625,97.7266222635905,205.683428955078,164.898700278146,200.490013122559,221.690149943034,198.096347808838,199.85954284668,0.0,0.0,206.013303120931,211.292401631673,225.308059692383,128.972981414795,174.159537867496
7Networks_LH_Vis_4,98.0539212908064,28.9810581579681,95.0071727104907,0.0,25.8131061153209,107.542269524727,38.125441384512,39.4082542448182,99.076067960377,146.253944004283,188.792475382487,182.886195712619,178.456537882487,210.369685581752,218.552206420898,56.5605144438523,194.165679931641,142.611574364418,0.0,198.59708404541,207.987426757812,201.868534633092,206.402688889276,176.882074265253,113.639428444741,181.573790307138,195.095826043023,205.293615167791,243.252220153809,206.872006734212,172.779481666523,132.278594626081,117.225006294569,181.433849041279,201.907770792643,119.410166517419,115.84757232666,129.334343951904,127.216622127849,156.161407400709,151.062222767652,173.00453813411,186.348541778111,199.051508585612,188.289346757369,200.285081764504,196.27615070343,201.828381856283,83.209845452187,138.681117710314,195.739717804225,176.221317508149,170.769805620904,172.743282843337,174.652682141206,163.356934962065,172.102571482573,166.547987155437,209.017190660749,229.054351806641,0.0,0.0,0.0,216.023773193359,0.0,238.795135498047,203.470530192057,0.0,0.0,171.962022267217,217.192565917969,245.900802612305,213.965911865234,209.103973388672,0.0,179.880826950073,221.281509399414,229.993946838379,230.134120305379,205.417290467482,204.27173614502,222.547424316406,235.656788417271,234.405588785807,227.270980834961,233.203674316406,109.511868053012,224.72075398763,149.860231986578,210.767018636068,197.082483130765,214.798797607422,207.40697394477,221.293612776131,236.191377427843,225.129663803998,237.576833871695,225.702301025391,124.252619719559,150.775925954183
7Networks_LH_Vis_5,82.3649427408799,23.4745746810372,25.7350219904305,25.8131061153209,0.0,37.3455671483048,127.433483677526,28.8129981633025,24.97377226189,153.710452888585,181.299545288086,200.487696721004,192.547698974609,202.366134643555,195.627944946289,98.4787745789559,196.737213134766,155.06426511492,0.0,195.185941423689,231.850036621094,211.233228302002,210.502261352539,168.207918439593,118.373163526179,179.646517533522,196.926988081499,190.13759492573,213.627792358398,195.222736065204,168.579223692185,124.354731389596,117.535658315496,177.064029693604,206.290331060236,118.157665065077,93.748903429186,131.382818685695,141.492052350725,157.30427345397,165.499332909835,166.358480374318,180.302445664125,190.352079675553,184.095545541672,195.253203281136,195.05349037864,186.20280456543,80.9046393877839,144.204439024994,194.499677141136,178.194639039787,168.606905068181,148.286311324689,77.5940937477482,155.791800974693,168.641056163275,164.064609591949,210.18925337358,0.0,212.304748535156,0.0,0.0,0.0,0.0,232.891250610352,212.192990112305,0.0,187.071228027344,174.342141664945,220.158399309431,237.64826965332,245.543045043945,221.055309295654,209.463577270508,195.023140907288,135.878570556641,217.55061340332,224.672461509705,203.607897440592,220.723709106445,205.858622233073,233.411389923096,236.005844116211,236.528772989909,232.422637939453,110.303921867819,216.067115783691,148.435936716502,225.64151763916,197.210090467665,211.733068738665,207.398991266886,226.233158535428,234.868370903863,221.691727956136,228.296200838956,0.0,123.810847319809,151.266873495919
7Networks_LH_Vis_6,46.5884086814499,78.8813804771661,25.1122677962403,107.542269524727,37.3455671483048,0.0,111.013628606196,66.5606336089483,25.3652772083814,117.271038696829,107.236267089844,178.540439605713,0.0,187.804799397786,108.684165409633,96.615574658529,151.893600463867,100.702599895244,0.0,165.045132954915,0.0,169.238018035889,218.359573364258,176.853645324707,113.248453739711,167.830227279663,185.813064575195,114.109496456453,197.425521850586,126.699210671818,155.435973569571,103.274012449194,112.913572840754,164.529720306396,151.211689631144,53.7791117938411,50.8556208148051,125.339651055494,134.899493776519,153.804998488653,150.445781555176,154.020562744141,169.996030701982,132.954247624041,173.179576759567,153.516304742722,164.034238179525,170.674575805664,26.2594994222889,55.7165412122449,154.08882300059,73.4378572686078,156.185148092417,153.869974174951,35.3919043585423,135.210473464353,155.017099897991,147.744910720373,175.116577597225,0.0,0.0,0.0,0.0,0.0,116.566925048828,120.348813813308,184.375762939453,0.0,116.263450622559,144.919694083078,131.228656544405,178.489761352539,0.0,150.919296264648,129.152938842773,178.19846274636,99.4804977416992,174.902833302816,195.45509185791,167.103627412216,136.374855041504,171.586051940918,214.469172159831,212.999481201172,222.867706298828,200.805313110352,75.8981510084503,178.777383041382,128.620165432201,141.407909393311,193.344588470459,195.189997953527,194.724016825358,202.376856023615,218.74201965332,197.75057220459,204.522493489583,234.571411132812,104.71013285319,106.604547643662
7Networks_LH_Vis_7,77.6543398413638,69.7491576233836,81.6349259044813,38.125441384512,127.433483677526,111.013628606196,0.0,41.5945092429843,76.0805623293313,122.047854274511,134.449978755071,131.988240218744,126.352631727854,143.618279946817,164.448146565755,44.5026751314933,115.140616165964,62.5161877549643,117.343662261963,151.369339861189,157.897541809082,140.513930712943,149.388782325158,108.523275096242,106.347843601115,143.368562776748,159.231811523438,176.050808497838,185.638626098633,163.966895224831,162.681011395577,110.035262643109,93.6824498087823,81.1807716278259,143.14644643777,96.2580095397101,93.2507258999732,116.122892832352,100.27655337407,38.4451025695739,42.0533838368359,162.325291641359,164.660036200446,182.60100882394,173.925798874493,187.806875324249,125.138285306513,149.460536293361,88.6847862175533,112.394433892292,167.00303867885,168.202291870117,167.384478299123,170.406254896751,159.113801956177,159.775038427236,160.012845502581,160.351261412423,191.321789211697,219.277893066406,0.0,0.0,220.528388977051,0.0,234.906494140625,218.921497344971,200.024841308594,0.0,220.452407836914,169.424419342525,181.990467744715,0.0,223.927421569824,222.40098063151,237.598861694336,184.158740997314,178.782827758789,194.074240366618,216.538974761963,209.811233520508,202.818283081055,166.096786499023,227.128032684326,227.729095458984,195.021530151367,181.412338256836,114.373480478923,211.289257473416,149.241886807844,211.380716959635,191.522401809692,211.743316650391,181.85241317749,213.399533081055,229.521694946289,216.817585338246,221.305355980283,194.998916625977,124.081406944676,150.499565124512
7Networks_LH_Vis_8,87.4032789465636,69.0623441122153,76.0552104567298,39.4082542448182,28.8129981633025,66.5606336089483,41.5945092429843,0.0,35.4331990648355,118.971505763538,143.287458631727,158.022604370117,140.600036893572,140.861464182536,171.647308826447,71.1425569003508,122.962757873535,40.4636925057672,118.869064331055,152.514528092884,145.751898629325,167.628586545198,151.440817448131,164.612411880493,108.098946046638,174.179715590044,172.691744910346,175.741085476345,198.631912231445,187.819603443146,177.891391821075,131.100263847924,112.562159063123,93.8603567844484,152.581631726997,64.3473536752978,84.2252263387044,125.903716255874,116.974636649313,136.065375705098,74.9287001298178,174.809356504498,186.01407483829,192.664998190744,191.289487418482,201.390544116012,132.47522632281,140.954828534807,70.8893255264383,87.3771991909675,188.281116485596,170.526498601057,163.861890169203,163.549175393928,164.316475968924,155.14688900661,164.933946887266,160.692992077034,197.70698095251,0.0,0.0,227.397750854492,244.481994628906,0.0,189.720748901367,190.735817803277,183.961198806763,0.0,205.691680908203,164.577156927353,173.316455216841,237.235885620117,207.977773030599,195.654175894601,174.02229309082,196.591681695754,180.730092366536,200.224408467611,225.716949462891,202.154282898462,177.320286342076,173.285419464111,233.236939566476,220.018665313721,229.548049926758,222.862155151367,100.136442582686,211.217864990234,141.747618970354,186.415833791097,195.292129855686,207.19656818669,191.74364742156,214.450069892697,233.433803982205,221.739159323952,230.069030761719,223.919387817383,118.203261689844,139.97363235565
7Networks_LH_Vis_9,81.9194622105908,88.1561180011826,53.9589930045552,99.076067960377,24.97377226189,25.3652772083814,76.0805623293313,35.4331990648355,0.0,119.386079744859,163.160826789008,183.197430928548,138.719638824463,184.361566162109,192.522677830287,91.5529035651338,128.408897399902,50.4511375846929,0.0,175.007445907593,173.853872511122,177.700914001465,189.092302495783,164.63005918615,110.295978660283,184.400213293127,226.12314860026,179.544128417969,173.766723632812,169.221043904622,179.239265759786,127.895911711429,119.881559914483,148.682039397103,176.09725168589,32.4969813680354,78.0935529571733,129.67078969758,122.081739383647,141.660358995494,128.188979768134,173.25083535815,188.05501379221,192.436675438514,193.251567348357,204.425767801576,146.6126265445,182.650212287903,46.2004819321076,65.6514325858282,181.045413293571,169.709338670708,163.86851584479,145.958261300661,60.5603055274005,152.460925707741,162.204610691071,157.852598047511,179.594619750977,129.694732666016,230.859039306641,0.0,0.0,0.0,203.633529663086,180.294289482964,191.153887430827,0.0,137.592788696289,158.851622573973,170.491421169705,217.116588592529,216.935600280762,180.527267456055,191.407867431641,172.878934936523,128.9225730896,210.152709960938,220.523136774699,194.976273672921,167.326324462891,183.470953369141,232.645456167368,241.632308959961,247.606292724609,236.629345703125,87.6240106705696,211.679637562145,133.358775641047,187.289950052897,186.299479893276,200.611811933846,186.664508450416,212.432615007673,229.944658915202,232.246434529622,227.740474354137,225.916027832031,113.775553554702,125.964414386849
7Networks_LH_SomMot_1,129.396400334285,143.587392493139,145.896291097005,146.253944004283,153.710452888585,117.271038696829,122.047854274511,118.971505763538,119.386079744859,0.0,32.914116934505,59.3766884507552,121.752420755533,124.106737393052,116.525330742369,132.234004967649,93.8684217769469,100.502509847529,112.83465051651,105.282253737134,100.90995713812,116.34084340642,146.04316653481,44.0908955724805,38.5277906916433,101.346614773173,154.778776085895,154.595729170174,111.502422747405,163.485822727369,180.07309405009,136.903185535744,115.160167204466,95.6308963419596,141.297056788892,106.498791676149,93.2094672447027,44.3858789977577,50.0368465605972,47.1361188227151,93.7762850299688,125.645994056776,125.565174499459,173.305765424456,174.44105682373,153.803200879634,153.222407704776,158.562317657471,98.5941076430063,104.29771757034,194.769953409831,213.379402160645,192.838233947754,209.253593444824,219.648681640625,164.125949859619,190.472401089138,190.461180313774,174.382478063247,156.142779758998,163.67692565918,143.400871276855,197.295542399089,0.0,158.466687927246,153.194434715423,201.822716346154,158.11578478132,140.771629842122,166.889287533967,150.776590960366,195.537478637695,215.698837280273,172.378896331787,162.760066986084,193.232350158691,131.616350754448,205.454061108966,229.180167061942,206.359941679856,162.301532321506,173.495360238212,224.325790405273,198.480359395345,212.008987426758,174.918512980143,109.582098937232,177.340953509013,155.382605117664,163.926586151123,193.843471180309,213.980681525336,179.948593511814,237.678960164388,210.870527267456,175.435127258301,200.404671595647,180.534414672852,144.272889709473,138.600143668092
7Networks_LH_SomMot_2,149.835159301758,173.660563877651,178.266754150391,188.792475382487,181.299545288086,107.236267089844,134.449978755071,143.287458631727,163.160826789008,32.914116934505,0.0,28.0184737625264,81.6494633067738,88.2962121880573,93.2855521862986,131.268775939941,64.6484102862222,102.367739158283,95.6550076802572,102.944346414096,83.7202716900596,86.1811774102124,107.103547414144,64.6541700307874,32.514486528004,33.2942331940736,129.381286621094,112.806880950928,140.247776576451,118.912808032746,196.847400665283,117.201828696511,113.930282175541,99.0969924228947,143.586165957981,116.40706914266,73.0099639892578,104.359639066638,90.1587403297424,92.1780935798595,97.6363398717797,94.7685883100643,113.422795088395,122.889560699463,131.748754501343,125.76885509491,126.08317776384,118.829070596134,112.731303405762,115.426086044312,152.021743774414,0.0,217.898010253906,0.0,0.0,116.309085845947,0.0,171.061462402344,178.858289930556,0.0,175.187576293945,159.695922851562,0.0,0.0,176.414093017578,147.977640738854,0.0,125.659271240234,148.710731506348,171.314852033343,148.645894072777,173.569519042969,0.0,0.0,0.0,153.715362548828,120.070006900363,166.845814659482,0.0,220.202621459961,146.492023468018,207.87141418457,220.734252929688,190.519348144531,0.0,161.070907592773,126.319193059748,188.140419006348,159.652824401855,0.0,185.8489112854,0.0,115.070915222168,0.0,0.0,164.290939331055,190.031836373465,0.0,131.971387227376,141.69065246582
7Networks_LH_SomMot_3,177.143358230591,185.520854187012,0.0,182.886195712619,200.487696721004,178.540439605713,131.988240218744,158.022604370117,183.197430928548,59.3766884507552,28.0184737625264,0.0,35.6735530903867,101.409875850367,105.63874692357,121.268067219618,33.8571483918322,125.817025340195,86.0998403464153,113.090127346663,102.627496876391,49.1339046331247,93.9584278805329,48.0623588235692,64.0394077037699,48.6235307418671,124.536269293891,129.16283416748,105.16044734608,94.5373129270025,201.035766601562,141.845218723103,119.995923294813,85.2339133239746,130.436957780705,140.164261422506,112.000355215634,129.267255690291,109.148512728461,95.2774064696432,94.2689347019196,114.845792503,125.531512950857,214.743047078451,160.82830657959,130.103091430664,131.43799235026,106.379102629375,147.833634116433,154.172637091743,160.559341430664,0.0,239.014724731445,0.0,0.0,131.493389129639,199.790870666504,237.969833374023,171.609817504883,174.637369791667,186.582818603516,152.855108261108,150.702541351318,152.960474014282,133.796030044556,150.677209659499,204.57199605306,141.060198974609,165.124836391873,173.916436331613,158.596030904286,154.346427307129,148.929387709674,162.214124043783,167.513952636719,157.181816101074,129.683881626573,136.762952051045,0.0,213.350982666016,150.131031036377,180.046970367432,193.93327331543,188.910502115885,160.50798034668,150.337535705566,115.542857230978,154.249666521626,162.493048561944,231.189331054688,174.319211959839,0.0,157.653015136719,0.0,197.950415039063,181.598472595215,171.241929834539,148.892669677734,136.561526707241,142.192077128092
7Networks_LH_SomMot_4,0.0,173.338101704915,0.0,178.456537882487,192.547698974609,0.0,126.352631727854,140.600036893572,138.719638824463,121.752420755533,81.6494633067738,35.6735530903867,0.0,50.8277195629249,93.0794369701345,125.502298355103,40.7448203678988,99.9148868601373,69.1677947710919,123.943261304439,96.2079904996432,40.4734672130243,74.33419282826,84.5149498581886,85.1371264732187,108.05304869827,124.855435371399,138.594867481905,146.192135281033,97.5030711929003,194.33292388916,142.541809668908,129.682804107666,86.8394226023634,109.913976317471,142.358683586121,88.3193860735212,172.343078613281,135.853587468465,137.565890066964,102.417269516609,132.505884594387,131.540881254235,216.855575561523,157.622367095947,146.440104750336,58.5528859501339,97.9069671352414,154.011444091797,132.771787643433,0.0,0.0,243.832916259766,0.0,0.0,121.985469818115,164.066940307617,222.831832885742,205.822052001953,0.0,155.640060424805,208.004806518555,135.865005970001,144.562844848633,159.530690511068,134.589477717876,165.490882873535,0.0,212.323638916016,186.836265563965,171.843862484663,139.719379170736,133.753570238749,0.0,206.357345581055,170.84009552002,133.502677254055,134.473978290121,237.666641235352,0.0,0.0,233.210052490234,0.0,180.701126098633,190.599258422852,153.744972991943,149.288868374295,190.335339355469,166.090042114258,197.788787841797,206.931381225586,0.0,0.0,0.0,193.940788269043,143.454727172852,189.001007080078,152.939634535048,151.104513168335,122.298639297485
7Networks_LH_SomMot_5,161.303937276204,204.919403076172,0.0,210.369685581752,202.366134643555,187.804799397786,143.618279946817,140.861464182536,184.361566162109,124.106737393052,88.2962121880573,101.409875850367,50.8277195629249,0.0,52.1382472972121,145.920652493564,50.6891470326934,89.6877332774673,30.6917426418547,114.85345097592,50.4151317847822,82.9126594271142,45.0632413465624,87.2593012586271,87.6529304006115,108.607537969387,129.730402512984,145.100563957578,135.917061090469,113.522596579135,119.052658081055,151.28000995091,159.022098664315,81.2602633849294,125.12461233139,126.914384460449,81.690069410536,173.374041795731,180.68580754598,179.716982886905,107.499378026918,121.576211893334,127.818497776985,227.681823730469,152.425463867187,143.070602694425,84.3804284651296,84.893617182403,162.313985188802,190.284385681152,0.0,0.0,0.0,0.0,0.0,125.900896708171,184.264610290527,0.0,162.39794921875,0.0,154.630144755046,131.767049153646,122.10984475272,156.899741228889,145.274293687609,129.145992755276,182.155853271484,154.886215209961,225.911575317383,182.458089192708,166.65789604187,137.228320015801,133.244866477119,0.0,192.093948364258,152.235473632812,126.72104771932,132.405304531718,224.193725585938,238.664047241211,0.0,175.438385009766,217.576171875,189.397282918294,192.535481044224,156.709944407145,99.0267907714844,168.296194076538,176.870450134277,0.0,0.0,0.0,237.187881469727,0.0,218.343739827474,187.433140345982,176.880410385132,183.82400894165,133.731396993001,167.530287424723
7Networks_LH_SomMot_6,120.817856379918,215.697018432617,173.59375,218.552206420898,195.627944946289,108.684165409633,164.448146565755,171.647308826447,192.522677830287,116.525330742369,93.2855521862986,105.63874692357,93.0794369701345,52.1382472972121,0.0,177.66546183619,91.7146489279611,97.3949865473641,86.6660576643447,73.7138261904974,36.263948202066,102.837514164855,47.9613922845003,104.149577963586,93.5249374403836,113.494077793983,152.150119488056,36.2754004379464,32.4633915815481,38.1431900458165,173.066133771624,157.892989349365,173.070257299087,102.936013572803,129.405676008345,104.466959245134,47.293513970909,162.782395206281,152.589544508192,160.673332008156,141.958335136645,128.93629582723,131.215966031067,152.985224723816,155.487870279948,149.827404473045,107.437837057917,110.845262359619,89.5510712635668,81.2590455199032,149.327310085297,192.087753295898,181.426561857525,212.824028015137,0.0,115.515096539128,166.444880071676,170.317310878209,159.622037044791,143.234608411789,159.901974221934,143.320604647123,118.159340107425,134.334720361428,155.226139787315,113.32084321088,182.200631141663,137.908239534166,158.747965768667,163.953555136016,138.829663376222,130.931000953767,115.930061554757,172.219455603397,155.817785286609,161.130105429138,108.513429626495,106.005192366753,187.612518310547,203.007462935014,152.518721618652,170.652323271099,203.017447838416,174.457954915365,169.722176324754,142.679153339975,92.202013892849,91.5772457435483,130.058585922288,168.272457122803,170.842666625977,192.185482025146,171.81552358774,177.071917215983,171.453135476184,168.964977264404,155.859491973998,136.667002390666,111.235795600476,123.691469782049
7Networks_LH_DorsAttn_Post_1,32.9100690030218,40.8905408247373,55.7673453055473,56.5605144438523,98.4787745789559,96.615574658529,44.5026751314933,71.1425569003508,91.5529035651338,132.234004967649,131.268775939941,121.268067219618,125.502298355103,145.920652493564,177.66546183619,0.0,116.714280353893,100.388709988,116.609763336182,131.533160377951,139.943266180497,130.585485255679,147.834305915551,95.726748089991,124.413646550712,135.165164354112,163.03271803745,165.783231423118,144.862897237142,159.370882942228,172.041446208954,67.8168733358484,42.0287510122666,96.1540449133242,141.87150194291,108.05744381761,125.390474371008,130.980627495869,120.686499959273,59.0347399834461,69.6414805817801,167.990456701208,147.449381341928,184.896029823705,181.833645191068,171.822131950107,133.969158801916,148.700449754417,102.311145373753,117.305764741987,198.46903261931,176.333638580752,172.765179443359,176.064713023958,163.745115891942,174.095373187149,175.519300897437,175.432848391326,193.509020878718,0.0,194.317047119141,198.738731384277,0.0,223.080520629883,0.0,184.083462715149,201.259212917752,0.0,149.928924560547,165.348845081945,176.232336529231,214.449952697754,198.40565999349,194.654591151646,0.0,194.472496032715,177.344323476156,196.682305322934,218.617462158203,199.572301449983,195.001810709635,199.10063680013,225.312423706055,220.370010375977,214.456825256348,207.414012562145,123.644651111804,200.283269545611,154.920130867372,171.774696350098,190.469194512618,204.324571155366,192.336481267756,222.084979587131,220.454199896918,225.259773254395,210.965812549256,209.28101675851,143.146750852286,141.380103588104
7Networks_LH_DorsAttn_Post_2,140.572062174479,227.434741973877,0.0,194.165679931641,196.737213134766,151.893600463867,115.140616165964,122.962757873535,128.408897399902,93.8684217769469,64.6484102862222,33.8571483918322,40.7448203678988,50.6891470326934,91.7146489279611,116.714280353893,0.0,87.3878250437707,31.3671336612754,110.579255300855,80.5240895767493,86.0057976781939,113.965606224246,38.4789322607135,79.8024433715951,96.9818516054015,181.666748046875,136.285725911458,107.063355000814,138.927434794108,192.041580200195,156.683621493253,123.021711308905,60.40284695022,141.760252462851,120.108823140462,97.8474957148234,146.724484493858,118.981735229492,102.672161469093,91.0230108145967,115.562965393066,138.630648248846,0.0,195.070556640625,152.897989654541,119.806847788122,145.446881612142,178.992813110352,149.073513031006,222.665756225586,0.0,0.0,0.0,0.0,120.415977478027,188.267044067383,243.015045166016,178.862564086914,0.0,178.711212158203,128.117975870768,0.0,144.15549214681,149.471603393555,144.544795566135,0.0,127.760093688965,143.39958190918,145.214703877767,155.478418095907,173.017923990885,228.455947875977,145.733749389648,172.152114868164,169.48382132394,122.848229181199,178.665017318726,0.0,216.5078125,0.0,0.0,0.0,202.112167358398,245.954803466797,147.596649169922,119.176937950982,159.466807365417,161.123161315918,162.959396362305,211.540344238281,0.0,148.710845947266,0.0,212.178619384766,0.0,186.806069510324,192.979629516602,124.621928405762,137.902680397034
7Networks_LH_DorsAttn_Post_3,110.533720259698,119.677125780414,116.039815759659,142.611574364418,155.06426511492,100.702599895244,62.5161877549643,40.4636925057672,50.4511375846929,100.502509847529,102.367739158283,125.817025340195,99.9148868601373,89.6877332774673,97.3949865473641,100.388709988,87.3878250437707,0.0,36.2460603070821,29.3799130392214,43.4527870924527,123.328692749793,104.694011137711,100.106735600241,99.2647603377187,150.695199882035,138.997745410816,138.591524614607,105.53892042372,125.501809683327,174.785830290421,139.221964448834,113.248749765409,40.1777520697286,139.400260826976,39.285928758728,81.9142702170435,122.927174929476,115.893139723408,123.540696524492,56.4810860709615,167.415914623554,170.377655398461,170.270408977162,185.940258923699,182.869779463295,107.885216823781,112.324198034022,69.9890986763198,75.278460711939,189.326623916626,175.177556251993,169.786648672598,168.111642448463,181.586974758572,152.415269276452,166.308817918134,159.655633899974,162.759966772513,179.583202964381,185.746636962891,178.41234261649,166.165123679421,164.152767944336,166.190391540527,153.454959059314,180.854331461589,139.282086181641,148.664863077799,148.590994759493,142.267359597342,183.227674484253,160.273565786856,161.631306501535,159.545583452497,167.255664775898,127.175802889737,169.754685945149,208.759403326573,188.509531786487,156.962670559353,153.179631752543,227.66184065077,222.418342590332,213.561716715495,199.717047555106,100.778185792778,183.951350872333,135.080769050635,143.070549580588,176.865515861337,186.828755049272,168.562727791922,214.878295898438,221.76382598877,206.072048611111,203.731677393759,185.617474365234,119.553342370426,120.570680604564
7Networks_LH_DorsAttn_Post_4,0.0,0.0,0.0,0.0,0.0,0.0,117.343662261963,118.869064331055,0.0,112.83465051651,95.6550076802572,86.0998403464153,69.1677947710919,30.6917426418547,86.6660576643447,116.609763336182,31.3671336612754,36.2460603070821,0.0,92.5155688694545,28.3962202154921,90.1447638263853,87.9492973836263,50.8564209191619,97.1458853016729,102.99357005528,0.0,149.75076675415,173.535148620605,148.908845198782,0.0,186.917846679688,134.526428222656,30.711188468544,163.852259318034,0.0,0.0,156.43677520752,0.0,182.384231567383,101.8630396298,0.0,140.726164681571,0.0,0.0,153.232452392578,94.9386861942433,156.836637878418,0.0,0.0,0.0,0.0,0.0,0.0,0.0,0.0,0.0,0.0,188.336227416992,0.0,0.0,0.0,122.401481628418,0.0,0.0,148.375555558638,0.0,150.867973327637,0.0,207.986717224121,149.208905029297,0.0,0.0,0.0,113.515869140625,0.0,121.928743362427,184.499908447266,0.0,0.0,0.0,0.0,0.0,0.0,0.0,0.0,138.739715576172,0.0,193.437088012695,0.0,0.0,0.0,0.0,0.0,0.0,0.0,209.878509521484,0.0,0.0,138.534881591797
7Networks_LH_DorsAttn_Post_5,148.34726524353,196.982634735107,200.668174743652,198.59708404541,195.185941423689,165.045132954915,151.369339861189,152.514528092884,175.007445907593,105.282253737134,102.944346414096,113.090127346663,123.943261304439,114.85345097592,73.7138261904974,131.533160377951,110.579255300855,29.3799130392214,92.5155688694545,0.0,36.6284523306733,129.155974353652,100.33796033506,93.7698113906324,104.279259122651,142.641580241067,132.8644323349,95.8963362493945,30.9810062708434,97.1916931613656,165.543187634698,153.613062123783,126.124244377261,104.430567037046,153.980701203042,29.2557882319736,56.6406598272402,138.025351414064,125.164368926502,125.512082987818,116.749329197025,170.362473551432,162.016356378539,127.344723983038,170.416791098458,145.32177406311,124.031278663211,114.214657149776,116.156852196003,25.443059014983,144.323687553406,202.898770650228,172.983468191964,202.362334478469,0.0,118.057772000631,177.254695892334,190.212362092117,151.241507277291,143.633801778158,166.822155646558,158.14110364412,174.542464065552,159.745512074438,136.202386723008,131.991911703153,167.749848236909,132.113503874018,138.319944602565,141.565590348203,128.214154259576,179.825585878812,166.753374966708,147.165503359631,147.057873936703,155.939878675673,107.128428929437,152.267449559132,211.656147548131,184.11196454366,140.039489229819,148.641916234443,222.046862792969,198.919497172038,186.469143337674,178.344353569878,91.4389631765518,153.888785323052,123.182528974493,138.760961058279,164.783522837261,176.065374101911,156.163328076353,204.237648010254,197.941028941761,178.899999557003,180.199444623061,173.362279256185,110.718238236068,105.236483496766
7Networks_LH_DorsAttn_Post_6,186.612533569336,245.006225585938,176.64826965332,207.987426757812,231.850036621094,0.0,157.897541809082,145.751898629325,173.853872511122,100.90995713812,83.7202716900596,102.627496876391,96.2079904996432,50.4151317847822,36.263948202066,139.943266180497,80.5240895767493,43.4527870924527,28.3962202154921,36.6284523306733,0.0,115.219222558386,94.405837927132,88.6066470595304,87.5479133605957,120.769773233348,131.537321090698,120.750285901521,31.6067766861097,101.66923099094,208.749247233073,164.93374078924,150.336524963379,67.5424516904452,139.188013263777,101.144198481242,73.7323585633309,145.640381110894,131.110055923462,129.129886920636,109.422346299694,141.085622899673,152.340117136637,200.488245646159,175.424719810486,174.16799766139,103.627723527991,114.454548513962,165.68916015625,125.238184760599,174.783267211914,0.0,163.09213811701,210.235163370768,0.0,118.70010412307,188.153690883092,135.646514892578,151.246889297276,142.025510900161,156.972815014067,153.843474168044,136.683985900879,143.634279691256,136.901834215437,135.079522512176,174.140735626221,134.445442825067,138.367413169459,154.709863571894,133.784683625162,177.303988370028,171.044458661761,152.135968017578,145.568184300473,166.384029222571,112.707581795302,156.909659287025,0.0,198.595953805106,139.466338180914,158.296933791217,220.68229675293,208.436004638672,227.715484619141,161.503326416016,96.6676349124393,165.534198629445,137.495271001543,150.319697952271,176.359258651733,176.820393153599,167.012389724319,236.229232788086,199.235641479492,183.359932532677,193.691795935998,189.901846313477,111.88594010297,126.875920976911
7Networks_LH_DorsAttn_PrCv_1,167.537442525228,193.265111137839,204.566387600369,201.868534633092,211.233228302002,169.238018035889,140.513930712943,167.628586545198,177.700914001465,116.34084340642,86.1811774102124,49.1339046331247,40.4734672130243,82.9126594271142,102.837514164855,130.585485255679,86.0057976781939,123.328692749793,90.1447638263853,129.155974353652,115.219222558386,0.0,70.9661105514826,100.679502334876,93.8516794824296,41.0935633160892,94.0059022140503,91.5643752900894,114.254245421466,84.3036580139285,203.176912943522,167.37718273731,137.708686317314,96.2548196782511,46.5612778395516,150.663380146027,120.576379776001,158.602599841206,132.119775534401,123.910360497847,118.043730353388,100.095638309206,55.742709273504,174.220798068576,144.640550021468,87.8450087089868,36.0775786325653,80.5803308437671,124.064275990362,138.801490666316,211.940536499023,0.0,0.0,0.0,0.0,0.0,209.048553466797,206.794372558594,200.915573120117,223.268653869629,158.57523727417,165.729759216309,148.438601175944,178.008694240025,187.117864990234,147.926320197499,186.343980789185,228.83235168457,189.777829851423,192.001131693522,188.559084172834,147.251660491481,137.811390567833,164.316314697266,244.892036437988,158.207601706187,149.019806903342,127.211192339659,193.818984985352,0.0,235.500686645508,185.289956665039,172.871939919212,156.990679264069,154.506933461065,133.739407149605,153.985330793593,122.05192678747,191.231517397124,211.518359375,215.169929504395,0.0,0.0,191.340810139974,164.153478240967,162.30101108551,140.325736660428,136.341386043664,164.756160191127,208.179672241211
7Networks_LH_DorsAttn_FEF_1,167.768869018555,196.91766166687,210.153686523438,206.402688889276,210.502261352539,218.359573364258,149.388782325158,151.440817448131,189.092302495783,146.04316653481,107.103547414144,93.9584278805329,74.33419282826,45.0632413465624,47.9613922845003,147.834305915551,113.965606224246,104.694011137711,87.9492973836263,100.33796033506,94.405837927132,70.9661105514826,0.0,136.262712585139,90.8683030926525,86.2008999161656,86.9426313348719,144.544066560035,122.299693367698,50.1777937875898,180.293376922607,153.709488677979,160.36652760566,102.872717145537,99.0724473368089,114.44032796224,114.104792404175,168.300543911486,182.656368437267,164.019821917424,122.576716558594,120.336872418722,103.605753169507,195.035049438477,119.92236328125,85.0745892839664,41.8698011346723,48.8449859290124,207.449757385254,186.476680408825,184.474235534668,0.0,208.785552978516,0.0,234.89225769043,0.0,188.758535112653,182.173400878906,204.39973449707,179.711921691895,159.250744159405,146.904219887473,123.483053812167,151.888779212689,175.730084228516,122.811276349695,182.17662302653,200.394826253255,168.235819498698,182.412174072266,178.760205078125,134.558689365899,120.099319375676,222.374801635742,169.007347106934,144.576843037325,128.141246147876,117.197625740005,214.85807800293,0.0,180.887344360352,190.93711735652,167.213370689979,154.123532381925,161.392816670736,126.216876188914,138.676158723377,123.865206784041,171.701288859049,184.374313354492,216.380130004883,221.853424072266,164.626579284668,177.478179931641,161.447950262772,179.112084960937,135.904742445265,119.984420987318,182.387771606445,179.53982035319
