,7Networks_LH_Vis_1,7Networks_LH_Vis_2,7Networks_LH_Vis_3,7Networks_LH_Vis_4,7Networks_LH_Vis_5,7Networks_LH_Vis_6,7Networks_LH_Vis_7,7Networks_LH_Vis_8,7Networks_LH_Vis_9,7Networks_LH_Vis_10,7Networks_LH_Vis_11,7Networks_LH_Vis_12,7Networks_LH_Vis_13,7Networks_LH_Vis_14,7Networks_LH_SomMot_1,7Networks_LH_SomMot_2,7Networks_LH_SomMot_3,7Networks_LH_SomMot_4,7Networks_LH_SomMot_5,7Networks_LH_SomMot_6,7Networks_LH_SomMot_7,7Networks_LH_SomMot_8,7Networks_LH_SomMot_9,7Networks_LH_SomMot_10,7Networks_LH_SomMot_11,7Networks_LH_SomMot_12,7Networks_LH_SomMot_13,7Networks_LH_SomMot_14,7Networks_LH_SomMot_15,7Networks_LH_SomMot_16,7Networks_LH_DorsAttn_Post_1,7Networks_LH_DorsAttn_Post_2,7Networks_LH_DorsAttn_Post_3,7Networks_LH_DorsAttn_Post_4,7Networks_LH_DorsAttn_Post_5,7Networks_LH_DorsAttn_Post_6,7Networks_LH_DorsAttn_Post_7,7Networks_LH_DorsAttn_Post_8,7Networks_LH_DorsAttn_Post_9,7Networks_LH_DorsAttn_Post_10,7Networks_LH_DorsAttn_FEF_1,7Networks_LH_DorsAttn_FEF_2,7Networks_LH_DorsAttn_PrCv_1,7Networks_LH_SalVentAttn_ParOper_1,7Networks_LH_SalVentAttn_ParOper_2,7Networks_LH_SalVentAttn_ParOper_3,7Networks_LH_SalVentAttn_FrOperIns_1,7Networks_LH_SalVentAttn_FrOperIns_2,7Networks_LH_SalVentAttn_FrOperIns_3,7Networks_LH_SalVentAttn_FrOperIns_4,7Networks_LH_SalVentAttn_PFCl_1,7Networks_LH_SalVentAttn_Med_1,7Networks_LH_SalVentAttn_Med_2,7Networks_LH_SalVentAttn_Med_3,7Networks_LH_Limbic_OFC_1,7Networks_LH_Limbic_OFC_2,7Networks_LH_Limbic_TempPole_1,7Networks_LH_Limbic_TempPole_2,7Networks_LH_Limbic_TempPole_3,7Networks_LH_Limbic_TempPole_4,7Networks_LH_Cont_Par_1,7Networks_LH_Cont_Par_2,7Networks_LH_Cont_Par_3,7Networks_LH_Cont_Temp_1,7Networks_LH_Cont_OFC_1,7Networks_LH_Cont_PFCl_1,7Networks_LH_Cont_PFCl_2,7Networks_LH_Cont_PFCl_3,7Networks_LH_Cont_PFCl_4,7Networks_LH_Cont_PFCl_5,7Networks_LH_Cont_pCun_1,7Networks_LH_Cont_Cing_1,7Networks_LH_Cont_Cing_2,7Networks_LH_Default_Temp_1,7Networks_LH_Default_Temp_2,7Networks_LH_Default_Temp_3,7Networks_LH_Default_Temp_4,7Networks_LH_Default_Temp_5,7Networks_LH_Default_Par_1,7Networks_LH_Default_Par_2,7Networks_LH_Default_Par_3,7Networks_LH_Default_Par_4,7Networks_LH_Default_PFC_1,7Networks_LH_Default_PFC_2,7Networks_LH_Default_PFC_3,7Networks_LH_Default_PFC_4,7Networks_LH_Default_PFC_5,7Networks_LH_Default_PFC_6,7Networks_LH_Default_PFC_7,7Networks_LH_Default_PFC_8,7Networks_LH_Default_PFC_9,7Networks_LH_Default_PFC_10,7Networks_LH_Default_PFC_11,7Networks_LH_Default_PFC_12,7Networks_LH_Default_PFC_13,7Networks_LH_Default_pCunPCC_1,7Networks_LH_Default_pCunPCC_2,7Networks_LH_Default_pCunPCC_3,7Networks_LH_Default_pCunPCC_4,7Networks_LH_Default_PHC_1,7Networks_RH_Vis_1,7Networks_RH_Vis_2,7Networks_RH_Vis_3,7Networks_RH_Vis_4,7Networks_RH_Vis_5,7Networks_RH_Vis_6,7Networks_RH_Vis_7,7Networks_RH_Vis_8,7Networks_RH_Vis_9,7Networks_RH_Vis_10,7Networks_RH_Vis_11,7Networks_RH_Vis_12,7Networks_RH_Vis_13,7Networks_RH_Vis_14,7Networks_RH_Vis_15,7Networks_RH_SomMot_1,7Networks_RH_SomMot_2,7Networks_RH_SomMot_3,7Networks_RH_SomMot_4,7Networks_RH_SomMot_5,7Networks_RH_SomMot_6,7Networks_RH_SomMot_7,7Networks_RH_SomMot_8,7Networks_RH_SomMot_9,7Networks_RH_SomMot_10,7Networks_RH_SomMot_11,7Networks_RH_SomMot_12,7Networks_RH_SomMot_13,7Networks_RH_SomMot_14,7Networks_RH_SomMot_15,7Networks_RH_SomMot_16,7Networks_RH_SomMot_17,7Networks_RH_SomMot_18,7Networks_RH_SomMot_19,7Networks_RH_DorsAttn_Post_1,7Networks_RH_DorsAttn_Post_2,7Networks_RH_DorsAttn_Post_3,7Networks_RH_DorsAttn_Post_4,7Networks_RH_DorsAttn_Post_5,7Networks_RH_DorsAttn_Post_6,7Networks_RH_DorsAttn_Post_7,7Networks_RH_DorsAttn_Post_8,7Networks_RH_DorsAttn_Post_9,7Networks_RH_DorsAttn_Post_10,7Networks_RH_DorsAttn_FEF_1,7Networks_RH_DorsAttn_FEF_2,7Networks_RH_DorsAttn_PrCv_1,7Networks_RH_SalVentAttn_TempOccPar_1,7Networks_RH_SalVentAttn_TempOccPar_2,7Networks_RH_SalVentAttn_TempOccPar_3,7Networks_RH_SalVentAttn_PrC_1,7Networks_RH_SalVentAttn_FrOperIns_1,7Networks_RH_SalVentAttn_FrOperIns_2,7Networks_RH_SalVentAttn_FrOperIns_3,7Networks_RH_SalVentAttn_FrOperIns_4,7Networks_RH_SalVentAttn_Med_1,7Networks_RH_SalVentAttn_Med_2,7Networks_RH_SalVentAttn_Med_3,7Networks_RH_Limbic_OFC_1,7Networks_RH_Limbic_OFC_2,7Networks_RH_Limbic_OFC_3,7Networks_RH_Limbic_TempPole_1,7Networks_RH_Limbic_TempPole_2,7Networks_RH_Limbic_TempPole_3,7Networks_RH_Cont_Par_1,7Networks_RH_Cont_Par_2,7Networks_RH_Cont_Par_3,7Networks_RH_Cont_Temp_1,7Networks_RH_Cont_PFCv_1,7Networks_RH_Cont_PFCl_1,7Networks_RH_Cont_PFCl_2,7Networks_RH_Cont_PFCl_3,7Networks_RH_Cont_PFCl_4,7Networks_RH_Cont_PFCl_5,7Networks_RH_Cont_PFCl_6,7Networks_RH_Cont_PFCl_7,7Networks_RH_Cont_pCun_1,7Networks_RH_Cont_Cing_1,7Networks_RH_Cont_Cing_2,7Networks_RH_Cont_PFCmp_1,7Networks_RH_Cont_PFCmp_2,7Networks_RH_Default_Par_1,7Networks_RH_Default_Par_2,7Networks_RH_Default_Par_3,7Networks_RH_Default_Temp_1,7Networks_RH_Default_Temp_2,7Networks_RH_Default_Temp_3,7Networks_RH_Default_Temp_4,7Networks_RH_Default_Temp_5,7Networks_RH_Default_PFCv_1,7Networks_RH_Default_PFCdPFCm_1,7Networks_RH_Default_PFCdPFCm_2,7Networks_RH_Default_PFCdPFCm_3,7Networks_RH_Default_PFCdPFCm_4,7Networks_RH_Default_PFCdPFCm_5,7Networks_RH_Default_PFCdPFCm_6,7Networks_RH_Default_PFCdPFCm_7,7Networks_RH_Default_pCunPCC_1,7Networks_RH_Default_pCunPCC_2,7Networks_RH_Default_pCunPCC_3
7Networks_LH_Vis_1,0.0,7296.0,674.0,6444.0,171.0,537.0,1583.0,367.0,55.0,4879.0,344.0,450.0,2233.0,308.0,21.0,14.0,1.0,1.0,0.0,0.0,1.0,2.0,0.0,0.0,0.0,0.0,0.0,1.0,0.0,0.0,1597.0,53.0,23.0,2.0,0.0,0.0,40.0,5.0,3.0,1.0,1.0,0.0,2.0,1.0,0.0,2.0,58.0,12.0,1.0,8.0,2.0,3.0,0.0,0.0,25.0,73.0,1101.0,1083.0,182.0,15.0,6.0,8.0,0.0,74.0,65.0,41.0,8.0,3.0,7.0,1.0,45.0,3.0,0.0,665.0,51.0,86.0,18.0,14.0,2.0,74.0,7.0,16.0,74.0,2.0,27.0,82.0,12.0,2.0,21.0,2.0,12.0,2.0,7.0,4.0,3.0,304.0,35.0,1.0,1.0,2921.0,1.0,1.0,9.0,2.0,13.0,104.0,5.0,59.0,34.0,2.0,3.0,39.0,17.0,48.0,5.0,1.0,1.0,0.0,0.0,0.0,0.0,0.0,0.0,0.0,0.0,0.0,0.0,0.0,0.0,0.0,0.0,1.0,0.0,0.0,4.0,0.0,0.0,0.0,0.0,14.0,0.0,3.0,2.0,0.0,0.0,0.0,0.0,0.0,0.0,0.0,0.0,1.0,3.0,0.0,0.0,1.0,0.0,0.0,2.0,0.0,6.0,0.0,4.0,2.0,0.0,0.0,0.0,1.0,0.0,1.0,0.0,1.0,0.0,0.0,0.0,0.0,32.0,5.0,0.0,0.0,1.0,1.0,0.0,1.0,2.0,2.0,2.0,0.0,0.0,0.0,2.0,3.0,0.0,6.0,1.0,0.0,0.0,19.0,14.0,5.0
7Networks_LH_Vis_2,7296.0,0.0,6525.0,3353.0,10348.0,83.0,16729.0,853.0,613.0,1148.0,1047.0,87.0,2214.0,1292.0,57.0,39.0,7.0,9.0,1.0,3.0,0.0,1.0,2.0,0.0,0.0,5.0,2.0,5.0,1.0,1.0,4440.0,202.0,58.0,2.0,0.0,1.0,127.0,13.0,11.0,1.0,4.0,9.0,3.0,15.0,5.0,9.0,456.0,41.0,3.0,20.0,5.0,4.0,1.0,3.0,79.0,226.0,1605.0,2759.0,284.0,131.0,18.0,17.0,1.0,473.0,233.0,207.0,29.0,13.0,19.0,7.0,87.0,9.0,0.0,2145.0,294.0,770.0,40.0,55.0,17.0,166.0,26.0,46.0,343.0,5.0,202.0,374.0,79.0,3.0,83.0,7.0,44.0,31.0,27.0,10.0,15.0,137.0,38.0,3.0,6.0,1085.0,8.0,20.0,49.0,10.0,81.0,790.0,25.0,314.0,43.0,18.0,23.0,199.0,111.0,235.0,30.0,3.0,1.0,0.0,0.0,0.0,0.0,0.0,0.0,0.0,1.0,1.0,0.0,0.0,0.0,0.0,0.0,1.0,0.0,0.0,9.0,0.0,0.0,0.0,0.0,45.0,0.0,11.0,4.0,2.0,0.0,1.0,0.0,0.0,0.0,0.0,0.0,1.0,10.0,0.0,2.0,0.0,1.0,3.0,4.0,12.0,25.0,2.0,25.0,5.0,0.0,0.0,2.0,13.0,0.0,10.0,3.0,1.0,0.0,3.0,1.0,0.0,138.0,11.0,0.0,4.0,7.0,1.0,3.0,1.0,13.0,7.0,6.0,4.0,0.0,3.0,1.0,3.0,2.0,37.0,9.0,0.0,0.0,100.0,51.0,16.0
7Networks_LH_Vis_3,674.0,6525.0,0.0,75.0,3682.0,15.0,478.0,9224.0,1616.0,130.0,5710.0,50.0,2564.0,3101.0,50.0,57.0,3.0,21.0,4.0,15.0,2.0,2.0,4.0,3.0,0.0,3.0,5.0,8.0,4.0,1.0,9815.0,3317.0,86.0,6.0,1.0,1.0,133.0,31.0,13.0,8.0,7.0,18.0,29.0,14.0,5.0,9.0,184.0,10.0,2.0,70.0,8.0,0.0,2.0,10.0,16.0,45.0,563.0,1500.0,81.0,46.0,76.0,48.0,0.0,380.0,64.0,43.0,8.0,17.0,142.0,16.0,79.0,11.0,1.0,622.0,144.0,399.0,44.0,35.0,85.0,1248.0,31.0,295.0,77.0,0.0,60.0,85.0,77.0,1.0,23.0,1.0,19.0,14.0,176.0,10.0,22.0,87.0,21.0,1.0,7.0,332.0,2.0,17.0,38.0,7.0,46.0,150.0,18.0,215.0,14.0,15.0,25.0,124.0,56.0,157.0,18.0,6.0,2.0,0.0,0.0,0.0,0.0,0.0,0.0,1.0,0.0,0.0,0.0,0.0,0.0,0.0,0.0,0.0,0.0,0.0,15.0,0.0,0.0,0.0,0.0,28.0,0.0,5.0,3.0,1.0,0.0,0.0,0.0,0.0,0.0,0.0,0.0,3.0,8.0,0.0,0.0,1.0,3.0,6.0,3.0,0.0,4.0,1.0,7.0,3.0,0.0,0.0,0.0,4.0,0.0,4.0,2.0,4.0,0.0,1.0,0.0,1.0,131.0,11.0,0.0,0.0,8.0,1.0,2.0,0.0,4.0,15.0,10.0,1.0,2.0,2.0,0.0,1.0,2.0,8.0,7.0,0.0,0.0,53.0,31.0,9.0
7Networks_LH_Vis_4,6444.0,3353.0,75.0,0.0,41.0,590.0,5189.0,55.0,26.0,13397.0,52.0,841.0,2657.0,48.0,11.0,2.0,0.0,0.0,0.0,0.0,0.0,0.0,0.0,0.0,0.0,0.0,0.0,0.0,1.0,0.0,234.0,23.0,5.0,0.0,0.0,0.0,13.0,0.0,2.0,0.0,0.0,0.0,1.0,2.0,0.0,0.0,54.0,5.0,2.0,4.0,0.0,1.0,0.0,3.0,29.0,73.0,610.0,534.0,105.0,17.0,1.0,1.0,0.0,41.0,64.0,31.0,2.0,1.0,3.0,1.0,46.0,10.0,0.0,607.0,36.0,73.0,4.0,6.0,1.0,13.0,1.0,4.0,69.0,1.0,40.0,86.0,6.0,0.0,17.0,2.0,7.0,4.0,0.0,1.0,1.0,199.0,27.0,0.0,1.0,541.0,0.0,5.0,13.0,10.0,10.0,428.0,6.0,79.0,135.0,9.0,4.0,84.0,33.0,70.0,5.0,0.0,0.0,0.0,0.0,0.0,0.0,0.0,0.0,0.0,0.0,0.0,0.0,0.0,0.0,0.0,0.0,0.0,0.0,0.0,2.0,0.0,0.0,0.0,0.0,6.0,0.0,2.0,1.0,0.0,0.0,0.0,0.0,0.0,0.0,0.0,0.0,2.0,1.0,0.0,0.0,0.0,1.0,1.0,0.0,0.0,4.0,0.0,0.0,3.0,0.0,0.0,0.0,1.0,0.0,2.0,1.0,0.0,0.0,0.0,0.0,1.0,31.0,0.0,0.0,1.0,1.0,1.0,0.0,1.0,2.0,1.0,1.0,0.0,0.0,0.0,2.0,1.0,1.0,3.0,2.0,1.0,0.0,40.0,14.0,2.0
7Networks_LH_Vis_5,171.0,10348.0,3682.0,41.0,0.0,24.0,7154.0,582.0,19224.0,141.0,4264.0,101.0,1428.0,3615.0,72.0,44.0,3.0,9.0,2.0,2.0,1.0,1.0,0.0,0.0,0.0,3.0,2.0,3.0,2.0,0.0,954.0,317.0,39.0,0.0,0.0,0.0,107.0,23.0,12.0,3.0,3.0,10.0,4.0,14.0,1.0,6.0,511.0,27.0,8.0,20.0,9.0,0.0,1.0,5.0,41.0,98.0,317.0,915.0,62.0,167.0,37.0,17.0,1.0,556.0,99.0,97.0,17.0,11.0,15.0,1.0,137.0,18.0,0.0,1311.0,249.0,1012.0,70.0,81.0,15.0,138.0,23.0,68.0,179.0,2.0,132.0,193.0,67.0,0.0,55.0,5.0,37.0,24.0,20.0,7.0,13.0,235.0,39.0,1.0,6.0,86.0,19.0,61.0,169.0,29.0,241.0,773.0,56.0,928.0,66.0,71.0,74.0,584.0,309.0,727.0,96.0,8.0,4.0,0.0,0.0,0.0,0.0,0.0,0.0,0.0,0.0,0.0,0.0,0.0,0.0,0.0,0.0,0.0,1.0,0.0,45.0,5.0,0.0,0.0,0.0,87.0,0.0,15.0,12.0,2.0,1.0,0.0,0.0,0.0,2.0,0.0,1.0,7.0,16.0,0.0,0.0,0.0,1.0,5.0,6.0,21.0,9.0,1.0,46.0,8.0,1.0,0.0,4.0,17.0,0.0,11.0,2.0,2.0,0.0,2.0,0.0,1.0,492.0,25.0,0.0,5.0,7.0,6.0,3.0,5.0,35.0,30.0,22.0,2.0,2.0,6.0,1.0,3.0,2.0,12.0,2.0,1.0,0.0,256.0,91.0,29.0
7Networks_LH_Vis_6,537.0,83.0,15.0,590.0,24.0,0.0,216.0,6.0,19.0,2433.0,20.0,181.0,542.0,29.0,36.0,52.0,3.0,2.0,0.0,0.0,0.0,15.0,0.0,0.0,0.0,1.0,0.0,0.0,2.0,0.0,29.0,2.0,16.0,0.0,0.0,0.0,41.0,8.0,11.0,0.0,0.0,1.0,1.0,6.0,2.0,1.0,36.0,3.0,0.0,7.0,2.0,39.0,1.0,4.0,2.0,38.0,205.0,71.0,18.0,6.0,4.0,2.0,0.0,14.0,12.0,12.0,8.0,9.0,1.0,0.0,144.0,245.0,16.0,87.0,4.0,63.0,9.0,12.0,2.0,11.0,6.0,4.0,14.0,26.0,9.0,34.0,5.0,86.0,104.0,96.0,10.0,59.0,6.0,2.0,9.0,1815.0,600.0,57.0,57.0,554.0,0.0,2.0,4.0,0.0,2.0,24.0,3.0,19.0,1.0,3.0,1.0,17.0,9.0,21.0,7.0,6.0,2.0,0.0,0.0,0.0,0.0,0.0,0.0,0.0,0.0,4.0,0.0,0.0,0.0,0.0,0.0,23.0,3.0,2.0,4.0,0.0,0.0,1.0,1.0,45.0,0.0,16.0,10.0,6.0,0.0,0.0,2.0,0.0,4.0,1.0,0.0,0.0,5.0,0.0,0.0,0.0,12.0,2.0,4.0,2.0,13.0,0.0,4.0,1.0,2.0,0.0,0.0,3.0,1.0,3.0,2.0,1.0,0.0,1.0,0.0,0.0,69.0,24.0,2.0,5.0,8.0,0.0,3.0,0.0,4.0,6.0,1.0,1.0,2.0,3.0,6.0,5.0,6.0,12.0,5.0,2.0,0.0,15.0,51.0,43.0
7Networks_LH_Vis_7,1583.0,16729.0,478.0,5189.0,7154.0,216.0,0.0,193.0,8930.0,3746.0,322.0,233.0,24571.0,3049.0,54.0,48.0,6.0,9.0,4.0,2.0,0.0,1.0,0.0,0.0,0.0,5.0,0.0,9.0,1.0,2.0,964.0,215.0,38.0,1.0,0.0,0.0,111.0,16.0,11.0,0.0,2.0,5.0,2.0,13.0,2.0,3.0,454.0,39.0,5.0,24.0,8.0,4.0,1.0,5.0,55.0,159.0,871.0,1353.0,154.0,125.0,19.0,12.0,1.0,369.0,193.0,139.0,27.0,13.0,14.0,4.0,117.0,15.0,3.0,1620.0,243.0,775.0,44.0,53.0,22.0,123.0,23.0,50.0,239.0,4.0,173.0,284.0,69.0,3.0,83.0,10.0,43.0,10.0,12.0,10.0,13.0,405.0,45.0,2.0,7.0,509.0,32.0,94.0,237.0,61.0,296.0,2218.0,125.0,1408.0,165.0,146.0,78.0,1089.0,552.0,1077.0,74.0,9.0,5.0,0.0,0.0,0.0,1.0,0.0,0.0,0.0,0.0,0.0,0.0,0.0,0.0,0.0,0.0,1.0,0.0,0.0,58.0,5.0,0.0,0.0,0.0,107.0,1.0,21.0,7.0,0.0,1.0,1.0,1.0,2.0,5.0,1.0,0.0,5.0,14.0,0.0,0.0,1.0,0.0,0.0,5.0,14.0,15.0,4.0,42.0,22.0,2.0,0.0,2.0,20.0,0.0,14.0,2.0,7.0,0.0,3.0,1.0,0.0,528.0,19.0,0.0,3.0,9.0,3.0,5.0,1.0,33.0,25.0,15.0,6.0,6.0,10.0,2.0,7.0,0.0,24.0,4.0,0.0,0.0,395.0,91.0,27.0
7Networks_LH_Vis_8,367.0,853.0,9224.0,55.0,582.0,6.0,193.0,0.0,751.0,98.0,10765.0,30.0,2243.0,2642.0,100.0,87.0,9.0,52.0,11.0,22.0,19.0,1.0,7.0,4.0,0.0,5.0,4.0,12.0,1.0,1.0,4708.0,8767.0,196.0,6.0,0.0,3.0,209.0,75.0,28.0,7.0,12.0,39.0,53.0,31.0,11.0,39.0,282.0,15.0,20.0,129.0,8.0,2.0,3.0,13.0,15.0,36.0,494.0,1401.0,63.0,70.0,557.0,182.0,11.0,819.0,53.0,36.0,14.0,33.0,230.0,56.0,127.0,10.0,0.0,699.0,234.0,628.0,116.0,400.0,3978.0,9159.0,356.0,3364.0,84.0,1.0,46.0,81.0,122.0,1.0,27.0,5.0,19.0,22.0,297.0,12.0,35.0,80.0,23.0,0.0,3.0,218.0,4.0,2.0,28.0,9.0,26.0,139.0,11.0,143.0,6.0,10.0,12.0,89.0,42.0,113.0,20.0,4.0,3.0,0.0,0.0,0.0,0.0,0.0,1.0,0.0,2.0,2.0,0.0,0.0,0.0,0.0,0.0,1.0,0.0,0.0,11.0,0.0,0.0,0.0,0.0,28.0,0.0,12.0,5.0,1.0,0.0,1.0,0.0,0.0,2.0,1.0,0.0,3.0,4.0,0.0,0.0,0.0,3.0,8.0,3.0,4.0,7.0,1.0,14.0,1.0,1.0,0.0,1.0,7.0,0.0,4.0,2.0,0.0,0.0,3.0,1.0,0.0,115.0,7.0,0.0,1.0,14.0,0.0,3.0,1.0,8.0,11.0,4.0,1.0,0.0,5.0,1.0,3.0,1.0,10.0,3.0,0.0,1.0,55.0,32.0,11.0
7Networks_LH_Vis_9,55.0,613.0,1616.0,26.0,19224.0,19.0,8930.0,751.0,0.0,104.0,7841.0,44.0,1788.0,7002.0,56.0,26.0,0.0,4.0,2.0,1.0,0.0,0.0,0.0,0.0,0.0,0.0,0.0,4.0,0.0,1.0,365.0,223.0,10.0,1.0,0.0,0.0,39.0,7.0,3.0,0.0,1.0,1.0,1.0,6.0,1.0,1.0,250.0,6.0,1.0,9.0,6.0,0.0,1.0,5.0,6.0,19.0,93.0,226.0,21.0,47.0,12.0,7.0,0.0,238.0,25.0,20.0,3.0,3.0,9.0,0.0,66.0,9.0,0.0,356.0,93.0,458.0,53.0,23.0,19.0,75.0,17.0,32.0,44.0,0.0,26.0,35.0,23.0,0.0,11.0,1.0,9.0,8.0,11.0,0.0,5.0,231.0,20.0,1.0,0.0,35.0,19.0,45.0,106.0,20.0,146.0,509.0,57.0,605.0,60.0,68.0,49.0,421.0,251.0,460.0,40.0,3.0,2.0,0.0,0.0,0.0,0.0,0.0,0.0,0.0,0.0,0.0,0.0,0.0,0.0,0.0,0.0,1.0,1.0,0.0,21.0,1.0,0.0,0.0,0.0,48.0,0.0,5.0,3.0,2.0,0.0,0.0,0.0,0.0,1.0,0.0,0.0,4.0,8.0,0.0,0.0,0.0,0.0,0.0,4.0,11.0,1.0,2.0,28.0,12.0,1.0,0.0,0.0,5.0,1.0,3.0,1.0,0.0,0.0,1.0,0.0,2.0,224.0,13.0,0.0,1.0,3.0,3.0,0.0,0.0,12.0,18.0,6.0,3.0,2.0,6.0,1.0,2.0,0.0,4.0,0.0,0.0,0.0,185.0,55.0,10.0
7Networks_LH_Vis_10,4879.0,1148.0,130.0,13397.0,141.0,2433.0,3746.0,98.0,104.0,0.0,173.0,16318.0,32895.0,154.0,27.0,27.0,0.0,4.0,2.0,0.0,1.0,0.0,0.0,1.0,0.0,1.0,0.0,2.0,1.0,1.0,348.0,47.0,8.0,0.0,0.0,0.0,80.0,4.0,3.0,1.0,0.0,0.0,0.0,4.0,0.0,3.0,91.0,9.0,3.0,5.0,1.0,4.0,1.0,2.0,24.0,106.0,1210.0,744.0,165.0,30.0,4.0,4.0,0.0,84.0,95.0,58.0,6.0,1.0,4.0,1.0,502.0,29.0,1.0,904.0,56.0,148.0,14.0,14.0,2.0,32.0,5.0,8.0,95.0,4.0,78.0,139.0,22.0,2.0,17.0,9.0,17.0,9.0,4.0,5.0,1.0,3224.0,209.0,2.0,3.0,1529.0,14.0,58.0,157.0,233.0,84.0,498.0,36.0,398.0,458.0,63.0,37.0,340.0,179.0,413.0,33.0,5.0,3.0,0.0,0.0,0.0,0.0,0.0,0.0,0.0,0.0,0.0,0.0,0.0,0.0,0.0,0.0,1.0,0.0,1.0,27.0,0.0,0.0,0.0,0.0,39.0,0.0,7.0,5.0,0.0,0.0,0.0,0.0,1.0,2.0,0.0,0.0,4.0,4.0,0.0,0.0,1.0,0.0,1.0,1.0,7.0,3.0,1.0,23.0,10.0,0.0,0.0,0.0,4.0,0.0,4.0,2.0,1.0,0.0,2.0,1.0,0.0,214.0,16.0,1.0,2.0,2.0,3.0,0.0,1.0,21.0,9.0,9.0,1.0,1.0,1.0,2.0,0.0,2.0,10.0,0.0,0.0,0.0,179.0,62.0,13.0
7Networks_LH_Vis_11,344.0,1047.0,5710.0,52.0,4264.0,20.0,322.0,10765.0,7841.0,173.0,0.0,81.0,7305.0,14836.0,196.0,159.0,12.0,22.0,4.0,17.0,14.0,2.0,5.0,2.0,1.0,10.0,6.0,9.0,3.0,0.0,1725.0,945.0,1668.0,2.0,0.0,2.0,1618.0,62.0,19.0,7.0,11.0,23.0,23.0,36.0,4.0,19.0,362.0,15.0,4.0,49.0,6.0,0.0,2.0,11.0,13.0,23.0,283.0,663.0,35.0,70.0,54.0,69.0,2.0,528.0,41.0,28.0,6.0,21.0,105.0,24.0,476.0,25.0,0.0,555.0,195.0,822.0,149.0,109.0,62.0,3468.0,48.0,121.0,59.0,2.0,51.0,70.0,54.0,2.0,13.0,2.0,11.0,9.0,223.0,7.0,15.0,302.0,129.0,0.0,21.0,152.0,8.0,33.0,81.0,11.0,97.0,370.0,42.0,471.0,38.0,35.0,32.0,245.0,142.0,377.0,59.0,6.0,6.0,0.0,0.0,0.0,0.0,0.0,0.0,0.0,0.0,0.0,0.0,1.0,0.0,0.0,1.0,3.0,0.0,0.0,32.0,0.0,0.0,0.0,0.0,62.0,0.0,30.0,13.0,18.0,0.0,0.0,1.0,1.0,8.0,1.0,1.0,5.0,15.0,0.0,2.0,0.0,4.0,4.0,4.0,11.0,2.0,0.0,19.0,5.0,6.0,0.0,2.0,12.0,2.0,5.0,0.0,1.0,3.0,0.0,0.0,0.0,325.0,20.0,0.0,3.0,2.0,8.0,3.0,3.0,14.0,28.0,10.0,6.0,1.0,3.0,1.0,2.0,1.0,2.0,1.0,1.0,1.0,147.0,73.0,30.0
7Networks_LH_Vis_12,450.0,87.0,50.0,841.0,101.0,181.0,233.0,30.0,44.0,16318.0,81.0,0.0,7290.0,76.0,18.0,10.0,0.0,0.0,1.0,0.0,1.0,1.0,0.0,0.0,0.0,0.0,0.0,0.0,0.0,0.0,92.0,23.0,12.0,0.0,0.0,0.0,148.0,4.0,1.0,0.0,0.0,0.0,1.0,4.0,1.0,0.0,40.0,4.0,0.0,2.0,0.0,0.0,0.0,1.0,2.0,11.0,189.0,88.0,27.0,11.0,4.0,0.0,0.0,25.0,12.0,4.0,2.0,0.0,1.0,1.0,1162.0,20.0,0.0,113.0,10.0,78.0,11.0,11.0,2.0,18.0,2.0,2.0,17.0,0.0,6.0,15.0,4.0,2.0,4.0,0.0,1.0,1.0,1.0,0.0,1.0,1769.0,219.0,2.0,3.0,253.0,9.0,14.0,22.0,8.0,50.0,169.0,12.0,167.0,284.0,22.0,17.0,122.0,93.0,206.0,27.0,5.0,4.0,0.0,0.0,0.0,0.0,0.0,0.0,0.0,0.0,0.0,0.0,0.0,0.0,0.0,0.0,0.0,0.0,0.0,13.0,1.0,0.0,0.0,0.0,29.0,0.0,8.0,2.0,4.0,0.0,0.0,1.0,1.0,1.0,0.0,0.0,2.0,7.0,0.0,0.0,0.0,2.0,0.0,2.0,6.0,1.0,1.0,11.0,4.0,2.0,0.0,0.0,4.0,0.0,2.0,0.0,0.0,0.0,0.0,0.0,0.0,162.0,19.0,1.0,0.0,1.0,1.0,1.0,1.0,12.0,5.0,4.0,4.0,2.0,1.0,1.0,1.0,1.0,2.0,0.0,1.0,0.0,90.0,59.0,9.0
7Networks_LH_Vis_13,2233.0,2214.0,2564.0,2657.0,1428.0,542.0,24571.0,2243.0,1788.0,32895.0,7305.0,7290.0,0.0,9662.0,392.0,221.0,13.0,13.0,9.0,2.0,2.0,2.0,2.0,4.0,3.0,5.0,1.0,10.0,9.0,2.0,1532.0,627.0,257.0,1.0,0.0,1.0,1700.0,53.0,27.0,7.0,4.0,12.0,14.0,64.0,3.0,16.0,802.0,26.0,11.0,53.0,9.0,2.0,3.0,4.0,27.0,84.0,957.0,1067.0,107.0,153.0,63.0,34.0,2.0,753.0,85.0,75.0,12.0,14.0,65.0,13.0,2664.0,80.0,3.0,1433.0,315.0,1925.0,276.0,183.0,45.0,603.0,86.0,91.0,157.0,3.0,90.0,147.0,82.0,7.0,44.0,5.0,34.0,27.0,103.0,11.0,17.0,2671.0,606.0,8.0,29.0,969.0,33.0,141.0,273.0,99.0,404.0,2206.0,191.0,1934.0,531.0,288.0,125.0,1470.0,824.0,1714.0,160.0,22.0,5.0,0.0,0.0,0.0,0.0,1.0,0.0,0.0,0.0,3.0,0.0,1.0,0.0,0.0,3.0,7.0,2.0,0.0,97.0,8.0,0.0,0.0,0.0,215.0,2.0,37.0,19.0,5.0,0.0,4.0,1.0,3.0,12.0,1.0,1.0,6.0,36.0,0.0,2.0,3.0,1.0,2.0,18.0,28.0,4.0,2.0,87.0,38.0,7.0,0.0,4.0,32.0,7.0,17.0,4.0,2.0,1.0,0.0,4.0,5.0,1171.0,80.0,3.0,8.0,5.0,10.0,13.0,3.0,78.0,63.0,40.0,14.0,4.0,11.0,1.0,2.0,1.0,15.0,4.0,2.0,1.0,821.0,313.0,65.0
7Networks_LH_Vis_14,308.0,1292.0,3101.0,48.0,3615.0,29.0,3049.0,2642.0,7002.0,154.0,14836.0,76.0,9662.0,0.0,163.0,112.0,2.0,14.0,8.0,5.0,4.0,1.0,0.0,0.0,2.0,5.0,0.0,2.0,0.0,2.0,834.0,397.0,2394.0,3.0,0.0,0.0,1755.0,29.0,11.0,5.0,2.0,8.0,7.0,24.0,1.0,12.0,338.0,14.0,1.0,27.0,4.0,1.0,3.0,2.0,7.0,32.0,162.0,423.0,34.0,72.0,37.0,34.0,2.0,393.0,33.0,33.0,7.0,5.0,23.0,4.0,440.0,18.0,0.0,452.0,152.0,748.0,100.0,81.0,33.0,1089.0,38.0,50.0,52.0,2.0,27.0,46.0,32.0,0.0,15.0,3.0,18.0,8.0,54.0,5.0,10.0,302.0,131.0,1.0,3.0,120.0,16.0,25.0,76.0,12.0,83.0,357.0,35.0,400.0,31.0,49.0,31.0,269.0,153.0,327.0,48.0,6.0,2.0,0.0,1.0,0.0,0.0,0.0,0.0,0.0,1.0,1.0,0.0,1.0,0.0,0.0,0.0,1.0,0.0,0.0,19.0,0.0,0.0,0.0,0.0,55.0,0.0,27.0,21.0,3.0,0.0,0.0,0.0,1.0,0.0,1.0,0.0,0.0,4.0,0.0,1.0,0.0,2.0,5.0,0.0,13.0,5.0,1.0,25.0,6.0,2.0,1.0,1.0,13.0,1.0,3.0,0.0,1.0,0.0,1.0,0.0,2.0,275.0,15.0,0.0,2.0,6.0,1.0,3.0,2.0,10.0,15.0,13.0,4.0,1.0,4.0,1.0,0.0,0.0,4.0,2.0,0.0,0.0,161.0,86.0,22.0
7Networks_LH_SomMot_1,21.0,57.0,50.0,11.0,72.0,36.0,54.0,100.0,56.0,27.0,196.0,18.0,392.0,163.0,0.0,7399.0,1712.0,169.0,333.0,20.0,20.0,3.0,8.0,13.0,78.0,33.0,63.0,11.0,36.0,23.0,82.0,128.0,249.0,19.0,3.0,78.0,851.0,989.0,231.0,227.0,23.0,13.0,13.0,164.0,92.0,106.0,3176.0,24.0,49.0,82.0,2.0,1.0,12.0,18.0,5.0,2.0,28.0,55.0,3.0,902.0,530.0,297.0,37.0,56.0,3.0,5.0,2.0,6.0,29.0,10.0,289.0,63.0,1.0,189.0,36.0,3238.0,156.0,297.0,40.0,494.0,137.0,366.0,26.0,1.0,15.0,13.0,46.0,0.0,3.0,2.0,15.0,11.0,50.0,6.0,10.0,118.0,184.0,7.0,43.0,34.0,0.0,3.0,0.0,1.0,6.0,7.0,6.0,6.0,0.0,1.0,5.0,5.0,2.0,21.0,13.0,18.0,12.0,0.0,1.0,0.0,0.0,0.0,0.0,1.0,0.0,1.0,0.0,1.0,1.0,3.0,1.0,32.0,5.0,0.0,12.0,1.0,1.0,2.0,1.0,70.0,2.0,35.0,77.0,39.0,0.0,0.0,2.0,0.0,2.0,3.0,1.0,3.0,13.0,0.0,1.0,1.0,26.0,3.0,2.0,4.0,0.0,1.0,8.0,2.0,6.0,1.0,4.0,16.0,0.0,3.0,1.0,0.0,1.0,2.0,0.0,1.0,126.0,33.0,0.0,1.0,9.0,2.0,8.0,14.0,9.0,7.0,15.0,7.0,2.0,3.0,0.0,1.0,2.0,0.0,2.0,1.0,0.0,19.0,85.0,66.0
7Networks_LH_SomMot_2,14.0,39.0,57.0,2.0,44.0,52.0,48.0,87.0,26.0,27.0,159.0,10.0,221.0,112.0,7399.0,0.0,4244.0,777.0,2432.0,43.0,41.0,9.0,16.0,22.0,146.0,54.0,122.0,29.0,123.0,34.0,109.0,174.0,381.0,43.0,10.0,180.0,1383.0,2077.0,531.0,513.0,42.0,35.0,48.0,6402.0,395.0,298.0,1624.0,232.0,296.0,845.0,15.0,5.0,30.0,28.0,2.0,3.0,37.0,71.0,3.0,157.0,705.0,536.0,80.0,186.0,8.0,30.0,5.0,39.0,113.0,20.0,389.0,93.0,1.0,276.0,100.0,5721.0,825.0,2768.0,78.0,565.0,548.0,386.0,125.0,0.0,59.0,20.0,604.0,2.0,11.0,5.0,90.0,87.0,127.0,33.0,66.0,134.0,222.0,5.0,92.0,34.0,0.0,1.0,4.0,0.0,0.0,3.0,4.0,7.0,1.0,2.0,5.0,4.0,6.0,17.0,8.0,25.0,18.0,1.0,3.0,2.0,2.0,1.0,0.0,2.0,1.0,4.0,0.0,8.0,1.0,6.0,1.0,80.0,13.0,11.0,6.0,0.0,2.0,3.0,2.0,60.0,5.0,50.0,161.0,95.0,1.0,2.0,6.0,0.0,9.0,6.0,2.0,0.0,11.0,0.0,2.0,6.0,69.0,27.0,3.0,1.0,1.0,1.0,13.0,0.0,10.0,2.0,6.0,8.0,0.0,4.0,0.0,2.0,3.0,2.0,0.0,3.0,126.0,38.0,2.0,20.0,29.0,4.0,11.0,7.0,6.0,14.0,11.0,5.0,5.0,1.0,0.0,2.0,1.0,4.0,7.0,3.0,0.0,8.0,113.0,106.0
7Networks_LH_SomMot_3,1.0,7.0,3.0,0.0,3.0,3.0,6.0,9.0,0.0,0.0,12.0,0.0,13.0,2.0,1712.0,4244.0,0.0,5440.0,4171.0,76.0,39.0,3.0,22.0,39.0,130.0,72.0,256.0,40.0,91.0,95.0,14.0,40.0,16.0,66.0,8.0,45.0,97.0,287.0,128.0,332.0,25.0,20.0,14.0,395.0,439.0,216.0,4437.0,80.0,1571.0,375.0,4.0,3.0,6.0,19.0,1.0,3.0,2.0,13.0,4.0,11.0,79.0,50.0,65.0,33.0,2.0,6.0,1.0,3.0,20.0,4.0,30.0,4.0,0.0,24.0,21.0,92.0,37.0,125.0,5.0,47.0,108.0,19.0,37.0,0.0,12.0,3.0,98.0,0.0,6.0,0.0,22.0,21.0,32.0,8.0,33.0,4.0,8.0,0.0,9.0,3.0,0.0,1.0,1.0,0.0,0.0,0.0,2.0,0.0,0.0,0.0,0.0,0.0,0.0,3.0,1.0,4.0,2.0,0.0,1.0,1.0,0.0,1.0,0.0,2.0,0.0,1.0,0.0,0.0,0.0,1.0,2.0,24.0,13.0,8.0,1.0,0.0,1.0,2.0,1.0,3.0,1.0,4.0,23.0,15.0,0.0,0.0,1.0,0.0,0.0,0.0,0.0,0.0,1.0,0.0,1.0,0.0,20.0,17.0,0.0,0.0,0.0,0.0,1.0,0.0,2.0,0.0,1.0,4.0,0.0,0.0,2.0,1.0,1.0,0.0,1.0,0.0,7.0,3.0,1.0,2.0,9.0,0.0,0.0,0.0,0.0,0.0,1.0,0.0,1.0,0.0,0.0,1.0,0.0,2.0,1.0,0.0,0.0,6.0,15.0,11.0
7Networks_LH_SomMot_4,1.0,9.0,21.0,0.0,9.0,2.0,9.0,52.0,4.0,4.0,22.0,0.0,13.0,14.0,169.0,777.0,5440.0,0.0,6227.0,5721.0,482.0,40.0,231.0,142.0,182.0,510.0,441.0,714.0,470.0,271.0,69.0,323.0,25.0,1479.0,111.0,140.0,88.0,270.0,157.0,405.0,178.0,479.0,291.0,682.0,2053.0,1659.0,3515.0,179.0,2658.0,2350.0,8.0,22.0,34.0,757.0,0.0,1.0,10.0,31.0,3.0,11.0,374.0,404.0,1017.0,186.0,2.0,17.0,6.0,8.0,86.0,60.0,18.0,21.0,0.0,49.0,53.0,123.0,117.0,209.0,30.0,122.0,330.0,110.0,60.0,0.0,35.0,10.0,163.0,1.0,4.0,6.0,35.0,49.0,130.0,37.0,475.0,8.0,13.0,2.0,16.0,3.0,0.0,1.0,0.0,0.0,0.0,0.0,5.0,0.0,0.0,0.0,0.0,0.0,0.0,0.0,1.0,5.0,0.0,1.0,0.0,2.0,1.0,1.0,3.0,4.0,6.0,40.0,0.0,0.0,3.0,1.0,11.0,42.0,49.0,14.0,0.0,0.0,2.0,1.0,0.0,6.0,0.0,1.0,27.0,30.0,3.0,26.0,15.0,0.0,3.0,6.0,8.0,0.0,0.0,0.0,4.0,28.0,52.0,242.0,0.0,0.0,0.0,0.0,0.0,0.0,1.0,0.0,0.0,2.0,0.0,0.0,0.0,2.0,5.0,1.0,2.0,13.0,3.0,6.0,1.0,7.0,83.0,2.0,1.0,1.0,0.0,2.0,0.0,0.0,0.0,4.0,2.0,0.0,1.0,6.0,9.0,14.0,0.0,6.0,17.0,16.0
7Networks_LH_SomMot_5,0.0,1.0,4.0,0.0,2.0,0.0,4.0,11.0,2.0,2.0,4.0,1.0,9.0,8.0,333.0,2432.0,4171.0,6227.0,0.0,387.0,28.0,3.0,30.0,17.0,73.0,50.0,187.0,33.0,240.0,100.0,21.0,73.0,12.0,491.0,15.0,35.0,99.0,170.0,185.0,368.0,16.0,11.0,30.0,2703.0,6103.0,1187.0,1260.0,58.0,156.0,310.0,1.0,2.0,25.0,21.0,0.0,0.0,5.0,23.0,3.0,5.0,116.0,49.0,160.0,83.0,2.0,3.0,0.0,7.0,40.0,12.0,16.0,12.0,0.0,26.0,32.0,126.0,96.0,278.0,15.0,33.0,363.0,36.0,23.0,0.0,15.0,1.0,133.0,0.0,4.0,2.0,18.0,20.0,41.0,6.0,15.0,4.0,7.0,2.0,11.0,3.0,0.0,1.0,0.0,0.0,0.0,0.0,1.0,0.0,0.0,0.0,0.0,1.0,0.0,2.0,1.0,4.0,6.0,0.0,2.0,0.0,1.0,2.0,0.0,2.0,1.0,7.0,0.0,1.0,0.0,0.0,2.0,61.0,23.0,17.0,1.0,0.0,3.0,6.0,1.0,5.0,2.0,5.0,45.0,26.0,0.0,1.0,1.0,0.0,2.0,3.0,0.0,0.0,2.0,0.0,1.0,3.0,41.0,12.0,0.0,0.0,1.0,0.0,1.0,0.0,2.0,0.0,1.0,3.0,0.0,0.0,1.0,0.0,1.0,0.0,2.0,3.0,4.0,10.0,1.0,4.0,8.0,2.0,0.0,1.0,0.0,0.0,1.0,0.0,1.0,1.0,0.0,2.0,0.0,1.0,3.0,0.0,2.0,1.0,23.0,8.0
7Networks_LH_SomMot_6,0.0,3.0,15.0,0.0,2.0,0.0,2.0,22.0,1.0,0.0,17.0,0.0,2.0,5.0,20.0,43.0,76.0,5721.0,387.0,0.0,10996.0,64.0,1524.0,1554.0,218.0,1448.0,605.0,1511.0,806.0,427.0,26.0,114.0,23.0,2957.0,214.0,279.0,68.0,395.0,89.0,248.0,182.0,87.0,1135.0,46.0,1335.0,384.0,592.0,16.0,35.0,878.0,4.0,4.0,5.0,468.0,1.0,1.0,1.0,17.0,4.0,2.0,229.0,748.0,743.0,29.0,2.0,8.0,2.0,5.0,42.0,398.0,2.0,2.0,0.0,13.0,2.0,17.0,7.0,24.0,6.0,170.0,40.0,138.0,23.0,0.0,13.0,5.0,49.0,0.0,6.0,0.0,21.0,24.0,188.0,20.0,31.0,2.0,2.0,0.0,1.0,0.0,0.0,0.0,0.0,0.0,0.0,0.0,2.0,0.0,0.0,0.0,0.0,0.0,0.0,0.0,1.0,2.0,0.0,0.0,0.0,2.0,0.0,1.0,1.0,0.0,2.0,42.0,0.0,0.0,7.0,1.0,13.0,35.0,96.0,9.0,0.0,0.0,0.0,0.0,0.0,3.0,1.0,1.0,18.0,7.0,5.0,2.0,2.0,0.0,0.0,2.0,5.0,0.0,0.0,0.0,5.0,4.0,19.0,76.0,0.0,0.0,1.0,0.0,0.0,0.0,1.0,0.0,0.0,0.0,0.0,0.0,0.0,0.0,0.0,3.0,1.0,4.0,5.0,3.0,0.0,3.0,7.0,0.0,0.0,0.0,0.0,0.0,0.0,0.0,0.0,1.0,0.0,1.0,0.0,0.0,3.0,3.0,0.0,3.0,7.0,4.0
7Networks_LH_SomMot_7,1.0,0.0,2.0,0.0,1.0,0.0,0.0,19.0,0.0,1.0,14.0,1.0,2.0,4.0,20.0,41.0,39.0,482.0,28.0,10996.0,0.0,98.0,1661.0,4365.0,320.0,2943.0,1319.0,1757.0,448.0,249.0,15.0,48.0,70.0,676.0,102.0,447.0,88.0,927.0,82.0,225.0,2286.0,319.0,2863.0,4.0,58.0,70.0,273.0,8.0,13.0,204.0,5.0,6.0,9.0,764.0,0.0,0.0,3.0,6.0,1.0,2.0,192.0,1187.0,308.0,10.0,2.0,9.0,3.0,14.0,79.0,4026.0,10.0,6.0,0.0,7.0,2.0,13.0,0.0,7.0,5.0,242.0,3.0,152.0,12.0,0.0,7.0,2.0,23.0,0.0,1.0,0.0,10.0,13.0,1414.0,59.0,45.0,0.0,0.0,0.0,3.0,0.0,0.0,0.0,0.0,0.0,1.0,0.0,0.0,0.0,0.0,0.0,2.0,0.0,1.0,2.0,7.0,2.0,1.0,0.0,0.0,2.0,0.0,1.0,0.0,4.0,29.0,149.0,0.0,0.0,26.0,2.0,109.0,21.0,214.0,6.0,1.0,0.0,1.0,1.0,1.0,1.0,0.0,2.0,15.0,7.0,23.0,27.0,16.0,0.0,0.0,2.0,26.0,0.0,2.0,0.0,7.0,10.0,13.0,410.0,0.0,0.0,0.0,0.0,0.0,0.0,0.0,0.0,2.0,0.0,0.0,0.0,0.0,3.0,3.0,1.0,1.0,12.0,1.0,5.0,1.0,1.0,24.0,4.0,1.0,1.0,0.0,2.0,0.0,0.0,0.0,3.0,0.0,0.0,1.0,0.0,4.0,4.0,1.0,1.0,3.0,6.0
7Networks_LH_SomMot_8,2.0,1.0,2.0,0.0,1.0,15.0,1.0,1.0,0.0,0.0,2.0,1.0,2.0,1.0,3.0,9.0,3.0,40.0,3.0,64.0,98.0,0.0,3.0,7.0,4.0,39.0,11.0,780.0,10310.0,62.0,1.0,2.0,3.0,2.0,1.0,4.0,65.0,28.0,1357.0,211.0,14.0,22.0,76.0,3.0,7.0,6.0,69.0,4.0,10.0,94.0,1.0,2230.0,6941.0,2931.0,0.0,0.0,3.0,0.0,0.0,0.0,2.0,2.0,2.0,1.0,0.0,4.0,3.0,10.0,13.0,28.0,55.0,768.0,18.0,5.0,0.0,1.0,0.0,2.0,0.0,2.0,0.0,1.0,4.0,2.0,2.0,2.0,16.0,12.0,19.0,28.0,14.0,183.0,28.0,12.0,314.0,68.0,148.0,441.0,526.0,11.0,2.0,0.0,0.0,0.0,1.0,0.0,17.0,0.0,0.0,0.0,5.0,1.0,0.0,3.0,41.0,5.0,1.0,1.0,1.0,17.0,3.0,50.0,79.0,9.0,186.0,2424.0,9.0,4.0,159.0,17.0,609.0,130.0,1720.0,42.0,5.0,3.0,4.0,1.0,0.0,14.0,5.0,18.0,102.0,54.0,178.0,108.0,142.0,1.0,2.0,6.0,245.0,7.0,6.0,2.0,67.0,209.0,230.0,2908.0,0.0,2.0,1.0,0.0,0.0,0.0,6.0,2.0,14.0,2.0,2.0,2.0,2.0,11.0,22.0,7.0,18.0,48.0,15.0,74.0,230.0,28.0,178.0,14.0,1.0,9.0,0.0,5.0,0.0,1.0,1.0,36.0,1.0,5.0,5.0,14.0,32.0,20.0,7.0,13.0,37.0,64.0
7Networks_LH_SomMot_9,0.0,2.0,4.0,0.0,0.0,0.0,0.0,7.0,0.0,0.0,5.0,0.0,2.0,0.0,8.0,16.0,22.0,231.0,30.0,1524.0,1661.0,3.0,0.0,6600.0,1021.0,1596.0,1838.0,69.0,252.0,310.0,5.0,20.0,14.0,5852.0,2555.0,442.0,16.0,421.0,17.0,293.0,115.0,10.0,116.0,4.0,444.0,300.0,178.0,6.0,12.0,52.0,1.0,0.0,3.0,11.0,0.0,0.0,0.0,3.0,0.0,0.0,89.0,638.0,798.0,5.0,1.0,1.0,0.0,1.0,15.0,97.0,1.0,2.0,0.0,2.0,0.0,3.0,1.0,0.0,0.0,82.0,2.0,45.0,7.0,0.0,1.0,1.0,16.0,0.0,0.0,1.0,3.0,5.0,164.0,6.0,9.0,0.0,0.0,0.0,0.0,0.0,0.0,0.0,0.0,0.0,0.0,0.0,0.0,0.0,0.0,0.0,0.0,0.0,0.0,0.0,0.0,0.0,0.0,0.0,0.0,1.0,0.0,1.0,0.0,2.0,0.0,6.0,0.0,1.0,2.0,1.0,3.0,18.0,42.0,11.0,0.0,0.0,0.0,0.0,0.0,0.0,0.0,0.0,11.0,3.0,0.0,2.0,0.0,0.0,0.0,1.0,0.0,1.0,0.0,0.0,0.0,0.0,14.0,16.0,0.0,0.0,1.0,0.0,0.0,0.0,0.0,0.0,0.0,0.0,0.0,0.0,0.0,0.0,0.0,0.0,0.0,0.0,3.0,2.0,0.0,0.0,1.0,0.0,0.0,0.0,0.0,0.0,0.0,0.0,0.0,0.0,1.0,1.0,1.0,0.0,2.0,0.0,0.0,1.0,6.0,4.0
7Networks_LH_SomMot_10,0.0,0.0,3.0,0.0,0.0,0.0,0.0,4.0,0.0,1.0,2.0,0.0,4.0,0.0,13.0,22.0,39.0,142.0,17.0,1554.0,4365.0,7.0,6600.0,0.0,232.0,15490.0,3015.0,364.0,429.0,1731.0,2.0,19.0,18.0,1338.0,354.0,215.0,19.0,331.0,26.0,149.0,313.0,29.0,72.0,3.0,115.0,67.0,331.0,12.0,24.0,43.0,0.0,1.0,1.0,28.0,0.0,0.0,2.0,1.0,0.0,0.0,66.0,446.0,192.0,4.0,1.0,2.0,0.0,2.0,16.0,96.0,0.0,7.0,0.0,5.0,1.0,2.0,2.0,4.0,1.0,87.0,1.0,34.0,4.0,0.0,6.0,0.0,14.0,0.0,2.0,0.0,11.0,3.0,177.0,5.0,9.0,1.0,0.0,1.0,1.0,0.0,0.0,0.0,0.0,0.0,0.0,0.0,0.0,0.0,0.0,0.0,0.0,0.0,0.0,0.0,0.0,0.0,0.0,0.0,0.0,0.0,0.0,0.0,0.0,0.0,1.0,17.0,0.0,0.0,8.0,3.0,5.0,22.0,68.0,8.0,0.0,0.0,1.0,0.0,0.0,1.0,0.0,0.0,10.0,6.0,0.0,1.0,0.0,0.0,0.0,1.0,0.0,0.0,1.0,0.0,0.0,1.0,24.0,22.0,0.0,0.0,0.0,0.0,0.0,0.0,0.0,0.0,0.0,0.0,0.0,0.0,0.0,0.0,0.0,0.0,0.0,1.0,1.0,4.0,1.0,0.0,7.0,0.0,0.0,0.0,0.0,0.0,0.0,0.0,0.0,4.0,0.0,1.0,0.0,0.0,1.0,0.0,0.0,1.0,9.0,1.0
7Networks_LH_SomMot_11,0.0,0.0,0.0,0.0,0.0,0.0,0.0,0.0,0.0,0.0,1.0,0.0,3.0,2.0,78.0,146.0,130.0,182.0,73.0,218.0,320.0,4.0,1021.0,232.0,0.0,208.0,3006.0,51.0,89.0,224.0,3.0,12.0,28.0,520.0,1636.0,1726.0,102.0,1500.0,90.0,834.0,81.0,11.0,70.0,23.0,261.0,231.0,389.0,3.0,18.0,62.0,0.0,0.0,1.0,16.0,0.0,0.0,0.0,0.0,0.0,2.0,24.0,493.0,684.0,6.0,0.0,0.0,1.0,3.0,13.0,72.0,4.0,3.0,0.0,2.0,1.0,17.0,3.0,10.0,0.0,37.0,7.0,15.0,2.0,0.0,2.0,0.0,5.0,0.0,1.0,0.0,5.0,5.0,160.0,9.0,9.0,1.0,3.0,0.0,0.0,0.0,0.0,1.0,0.0,0.0,0.0,0.0,0.0,0.0,0.0,0.0,0.0,0.0,1.0,0.0,0.0,5.0,3.0,0.0,0.0,1.0,0.0,1.0,0.0,0.0,0.0,5.0,0.0,2.0,1.0,0.0,0.0,21.0,11.0,3.0,0.0,0.0,1.0,3.0,0.0,2.0,0.0,0.0,21.0,20.0,1.0,1.0,1.0,0.0,1.0,1.0,0.0,0.0,2.0,0.0,1.0,1.0,17.0,11.0,0.0,0.0,0.0,0.0,0.0,0.0,1.0,1.0,1.0,1.0,0.0,0.0,0.0,0.0,0.0,0.0,0.0,0.0,1.0,3.0,1.0,0.0,4.0,0.0,1.0,4.0,0.0,0.0,0.0,0.0,0.0,0.0,1.0,1.0,0.0,0.0,0.0,0.0,0.0,2.0,7.0,4.0
7Networks_LH_SomMot_12,0.0,5.0,3.0,0.0,3.0,1.0,5.0,5.0,0.0,1.0,10.0,0.0,5.0,5.0,33.0,54.0,72.0,510.0,50.0,1448.0,2943.0,39.0,1596.0,15490.0,208.0,0.0,4754.0,4125.0,3351.0,6069.0,8.0,18.0,33.0,361.0,51.0,227.0,52.0,517.0,146.0,455.0,1372.0,319.0,383.0,18.0,47.0,36.0,1001.0,59.0,77.0,301.0,18.0,10.0,11.0,195.0,1.0,1.0,3.0,5.0,5.0,6.0,43.0,299.0,80.0,11.0,2.0,16.0,7.0,31.0,59.0,226.0,4.0,18.0,0.0,12.0,1.0,8.0,4.0,7.0,1.0,60.0,16.0,37.0,66.0,0.0,34.0,8.0,179.0,1.0,15.0,6.0,108.0,84.0,510.0,133.0,89.0,2.0,4.0,1.0,3.0,0.0,0.0,0.0,0.0,0.0,0.0,0.0,4.0,0.0,0.0,0.0,1.0,0.0,0.0,0.0,1.0,2.0,0.0,0.0,0.0,1.0,1.0,3.0,0.0,2.0,41.0,133.0,1.0,0.0,47.0,4.0,86.0,31.0,430.0,14.0,0.0,0.0,1.0,0.0,1.0,1.0,0.0,2.0,21.0,10.0,22.0,18.0,12.0,0.0,0.0,1.0,18.0,0.0,1.0,0.0,4.0,5.0,26.0,194.0,0.0,0.0,0.0,0.0,0.0,0.0,2.0,0.0,4.0,0.0,0.0,1.0,3.0,5.0,3.0,5.0,4.0,5.0,4.0,5.0,1.0,9.0,43.0,0.0,1.0,0.0,0.0,0.0,0.0,0.0,0.0,4.0,0.0,3.0,2.0,7.0,12.0,9.0,2.0,4.0,9.0,6.0
7Networks_LH_SomMot_13,0.0,2.0,5.0,0.0,2.0,0.0,0.0,4.0,0.0,0.0,6.0,0.0,1.0,0.0,63.0,122.0,256.0,441.0,187.0,605.0,1319.0,11.0,1838.0,3015.0,3006.0,4754.0,0.0,366.0,881.0,1343.0,5.0,18.0,31.0,1036.0,334.0,349.0,84.0,702.0,73.0,835.0,387.0,61.0,130.0,22.0,361.0,165.0,1052.0,30.0,89.0,161.0,7.0,2.0,10.0,51.0,0.0,0.0,0.0,1.0,1.0,4.0,54.0,459.0,277.0,12.0,0.0,8.0,0.0,8.0,55.0,146.0,4.0,14.0,0.0,5.0,1.0,10.0,4.0,5.0,2.0,73.0,9.0,28.0,28.0,0.0,20.0,6.0,78.0,0.0,2.0,0.0,24.0,22.0,314.0,31.0,27.0,0.0,2.0,0.0,4.0,2.0,0.0,0.0,0.0,0.0,0.0,0.0,10.0,0.0,0.0,0.0,0.0,0.0,0.0,0.0,0.0,3.0,2.0,0.0,0.0,2.0,1.0,4.0,0.0,10.0,3.0,18.0,2.0,2.0,7.0,3.0,3.0,81.0,57.0,15.0,0.0,0.0,4.0,3.0,2.0,3.0,2.0,0.0,32.0,24.0,0.0,1.0,3.0,0.0,1.0,7.0,3.0,1.0,1.0,0.0,1.0,3.0,56.0,38.0,0.0,0.0,0.0,0.0,1.0,0.0,7.0,0.0,0.0,2.0,0.0,0.0,0.0,2.0,1.0,0.0,2.0,3.0,7.0,14.0,1.0,9.0,5.0,0.0,0.0,2.0,0.0,1.0,0.0,0.0,1.0,1.0,0.0,3.0,0.0,1.0,5.0,2.0,0.0,14.0,23.0,7.0
7Networks_LH_SomMot_14,1.0,5.0,8.0,0.0,3.0,0.0,9.0,12.0,4.0,2.0,9.0,0.0,10.0,2.0,11.0,29.0,40.0,714.0,33.0,1511.0,1757.0,780.0,69.0,364.0,51.0,4125.0,366.0,0.0,1762.0,625.0,23.0,79.0,17.0,74.0,9.0,36.0,67.0,210.0,440.0,408.0,6269.0,2115.0,2432.0,22.0,31.0,38.0,1004.0,63.0,105.0,1185.0,35.0,29.0,79.0,3969.0,1.0,0.0,2.0,10.0,6.0,9.0,49.0,142.0,66.0,28.0,7.0,30.0,17.0,49.0,123.0,782.0,9.0,16.0,1.0,15.0,1.0,21.0,9.0,11.0,3.0,80.0,11.0,28.0,57.0,0.0,38.0,15.0,206.0,0.0,14.0,6.0,96.0,85.0,994.0,603.0,277.0,5.0,4.0,1.0,3.0,1.0,0.0,0.0,0.0,0.0,0.0,0.0,5.0,0.0,0.0,0.0,5.0,0.0,0.0,1.0,16.0,4.0,1.0,1.0,0.0,8.0,0.0,18.0,7.0,3.0,139.0,516.0,3.0,2.0,82.0,6.0,266.0,42.0,719.0,15.0,0.0,1.0,0.0,0.0,0.0,10.0,1.0,7.0,29.0,28.0,121.0,78.0,56.0,0.0,1.0,3.0,121.0,1.0,0.0,0.0,34.0,41.0,78.0,790.0,0.0,0.0,1.0,0.0,1.0,2.0,2.0,0.0,8.0,3.0,1.0,2.0,1.0,5.0,10.0,7.0,9.0,44.0,4.0,14.0,12.0,22.0,146.0,8.0,1.0,4.0,0.0,0.0,2.0,1.0,1.0,21.0,0.0,1.0,3.0,11.0,39.0,22.0,3.0,9.0,10.0,13.0
7Networks_LH_SomMot_15,0.0,1.0,4.0,1.0,2.0,2.0,1.0,1.0,0.0,1.0,3.0,0.0,9.0,0.0,36.0,123.0,91.0,470.0,240.0,806.0,448.0,10310.0,252.0,429.0,89.0,3351.0,881.0,1762.0,0.0,6672.0,5.0,14.0,12.0,355.0,24.0,55.0,141.0,250.0,2039.0,3715.0,59.0,44.0,226.0,48.0,334.0,110.0,555.0,61.0,71.0,291.0,9.0,350.0,4079.0,1541.0,1.0,5.0,1.0,5.0,6.0,4.0,12.0,49.0,58.0,4.0,0.0,14.0,4.0,23.0,57.0,67.0,31.0,1506.0,4.0,4.0,4.0,26.0,5.0,17.0,1.0,18.0,13.0,8.0,48.0,1.0,34.0,12.0,148.0,7.0,25.0,28.0,58.0,119.0,116.0,25.0,357.0,9.0,16.0,156.0,55.0,2.0,1.0,21.0,2.0,0.0,2.0,1.0,230.0,1.0,0.0,0.0,4.0,1.0,1.0,1.0,19.0,34.0,28.0,3.0,24.0,57.0,27.0,172.0,125.0,123.0,408.0,2754.0,34.0,25.0,594.0,73.0,847.0,1432.0,6926.0,466.0,11.0,1.0,75.0,28.0,11.0,49.0,23.0,49.0,703.0,474.0,237.0,59.0,91.0,3.0,20.0,48.0,110.0,5.0,20.0,1.0,77.0,146.0,1524.0,1793.0,0.0,4.0,0.0,0.0,4.0,10.0,33.0,3.0,20.0,7.0,0.0,6.0,2.0,10.0,17.0,4.0,9.0,48.0,87.0,310.0,71.0,79.0,135.0,13.0,5.0,26.0,3.0,5.0,9.0,2.0,5.0,26.0,12.0,41.0,14.0,22.0,28.0,3.0,5.0,333.0,426.0,362.0
7Networks_LH_SomMot_16,0.0,1.0,1.0,0.0,0.0,0.0,2.0,1.0,1.0,1.0,0.0,0.0,2.0,2.0,23.0,34.0,95.0,271.0,100.0,427.0,249.0,62.0,310.0,1731.0,224.0,6069.0,1343.0,625.0,6672.0,0.0,0.0,5.0,4.0,329.0,29.0,39.0,32.0,125.0,97.0,214.0,149.0,54.0,100.0,4.0,163.0,38.0,465.0,41.0,56.0,141.0,9.0,10.0,53.0,62.0,0.0,0.0,1.0,3.0,2.0,4.0,12.0,59.0,23.0,6.0,4.0,13.0,0.0,9.0,41.0,60.0,5.0,18.0,0.0,3.0,3.0,1.0,5.0,7.0,0.0,10.0,4.0,9.0,31.0,0.0,14.0,0.0,79.0,1.0,1.0,0.0,26.0,37.0,143.0,30.0,34.0,1.0,1.0,4.0,1.0,0.0,0.0,1.0,0.0,0.0,0.0,0.0,11.0,0.0,0.0,0.0,0.0,0.0,0.0,0.0,1.0,3.0,1.0,0.0,2.0,3.0,4.0,7.0,2.0,14.0,2.0,29.0,1.0,0.0,17.0,2.0,12.0,86.0,135.0,34.0,0.0,0.0,8.0,1.0,0.0,3.0,2.0,2.0,41.0,31.0,2.0,4.0,5.0,0.0,2.0,1.0,1.0,0.0,2.0,0.0,5.0,6.0,106.0,57.0,0.0,0.0,1.0,0.0,1.0,1.0,1.0,0.0,2.0,1.0,0.0,0.0,0.0,3.0,0.0,1.0,0.0,2.0,3.0,10.0,3.0,3.0,9.0,0.0,0.0,0.0,0.0,0.0,0.0,1.0,0.0,1.0,1.0,3.0,0.0,3.0,5.0,1.0,0.0,30.0,24.0,16.0
7Networks_LH_DorsAttn_Post_1,1597.0,4440.0,9815.0,234.0,954.0,29.0,964.0,4708.0,365.0,348.0,1725.0,92.0,1532.0,834.0,82.0,109.0,14.0,69.0,21.0,26.0,15.0,1.0,5.0,2.0,3.0,8.0,5.0,23.0,5.0,0.0,0.0,7479.0,145.0,17.0,0.0,4.0,235.0,49.0,35.0,12.0,10.0,61.0,82.0,32.0,23.0,43.0,134.0,13.0,17.0,220.0,11.0,4.0,3.0,7.0,5.0,23.0,1633.0,9578.0,202.0,22.0,239.0,93.0,9.0,3550.0,19.0,32.0,3.0,57.0,407.0,47.0,136.0,10.0,0.0,493.0,285.0,264.0,50.0,66.0,112.0,1432.0,123.0,493.0,37.0,0.0,21.0,42.0,282.0,1.0,8.0,4.0,37.0,23.0,339.0,29.0,78.0,80.0,52.0,0.0,5.0,1805.0,3.0,10.0,35.0,3.0,39.0,101.0,5.0,94.0,8.0,8.0,9.0,65.0,35.0,97.0,25.0,8.0,3.0,0.0,0.0,0.0,0.0,1.0,0.0,1.0,0.0,3.0,0.0,0.0,0.0,0.0,0.0,2.0,2.0,0.0,11.0,2.0,0.0,0.0,0.0,64.0,1.0,13.0,16.0,6.0,0.0,0.0,3.0,0.0,6.0,0.0,1.0,2.0,8.0,0.0,3.0,7.0,7.0,6.0,4.0,2.0,3.0,0.0,12.0,0.0,2.0,0.0,1.0,4.0,0.0,5.0,1.0,4.0,3.0,0.0,3.0,0.0,155.0,14.0,2.0,4.0,15.0,3.0,2.0,3.0,9.0,8.0,12.0,1.0,1.0,1.0,0.0,2.0,1.0,1.0,1.0,0.0,1.0,33.0,44.0,16.0
7Networks_LH_DorsAttn_Post_2,53.0,202.0,3317.0,23.0,317.0,2.0,215.0,8767.0,223.0,47.0,945.0,23.0,627.0,397.0,128.0,174.0,40.0,323.0,73.0,114.0,48.0,2.0,20.0,19.0,12.0,18.0,18.0,79.0,14.0,5.0,7479.0,0.0,147.0,46.0,5.0,17.0,172.0,236.0,84.0,48.0,65.0,233.0,340.0,152.0,90.0,282.0,197.0,28.0,65.0,882.0,18.0,12.0,2.0,49.0,9.0,17.0,306.0,1454.0,17.0,16.0,2761.0,635.0,34.0,3992.0,20.0,40.0,5.0,128.0,1220.0,193.0,63.0,9.0,1.0,346.0,345.0,278.0,403.0,1109.0,3402.0,4602.0,1546.0,6503.0,43.0,1.0,43.0,39.0,739.0,0.0,12.0,2.0,64.0,60.0,913.0,70.0,246.0,28.0,22.0,0.0,15.0,55.0,4.0,1.0,10.0,0.0,5.0,19.0,3.0,17.0,3.0,3.0,3.0,8.0,5.0,19.0,5.0,0.0,2.0,0.0,1.0,0.0,0.0,1.0,0.0,0.0,0.0,3.0,0.0,0.0,0.0,0.0,1.0,10.0,1.0,1.0,1.0,1.0,0.0,0.0,0.0,21.0,0.0,9.0,25.0,15.0,0.0,4.0,3.0,0.0,1.0,0.0,2.0,0.0,3.0,0.0,4.0,9.0,6.0,31.0,1.0,2.0,0.0,1.0,9.0,0.0,2.0,0.0,4.0,9.0,1.0,2.0,2.0,5.0,2.0,1.0,4.0,4.0,47.0,11.0,1.0,12.0,38.0,1.0,2.0,0.0,7.0,4.0,3.0,2.0,0.0,6.0,2.0,2.0,0.0,4.0,10.0,2.0,1.0,13.0,29.0,24.0
7Networks_LH_DorsAttn_Post_3,23.0,58.0,86.0,5.0,39.0,16.0,38.0,196.0,10.0,8.0,1668.0,12.0,257.0,2394.0,249.0,381.0,16.0,25.0,12.0,23.0,70.0,3.0,14.0,18.0,28.0,33.0,31.0,17.0,12.0,4.0,145.0,147.0,0.0,16.0,0.0,19.0,5375.0,2734.0,42.0,47.0,78.0,47.0,43.0,53.0,10.0,30.0,283.0,0.0,6.0,54.0,3.0,0.0,1.0,7.0,3.0,12.0,36.0,96.0,9.0,32.0,184.0,3170.0,18.0,144.0,10.0,14.0,5.0,10.0,69.0,78.0,397.0,11.0,0.0,174.0,64.0,361.0,86.0,113.0,17.0,5563.0,35.0,319.0,23.0,0.0,15.0,26.0,28.0,0.0,4.0,3.0,8.0,9.0,537.0,44.0,13.0,61.0,71.0,1.0,13.0,18.0,2.0,3.0,7.0,1.0,6.0,34.0,7.0,42.0,1.0,5.0,18.0,20.0,14.0,42.0,22.0,8.0,5.0,3.0,0.0,0.0,0.0,0.0,0.0,0.0,1.0,2.0,0.0,0.0,0.0,1.0,1.0,8.0,4.0,1.0,12.0,0.0,0.0,2.0,1.0,69.0,1.0,42.0,42.0,16.0,0.0,0.0,1.0,0.0,4.0,1.0,0.0,3.0,4.0,0.0,0.0,1.0,7.0,10.0,5.0,5.0,2.0,0.0,9.0,2.0,4.0,0.0,3.0,8.0,1.0,4.0,1.0,1.0,1.0,1.0,2.0,2.0,111.0,12.0,0.0,2.0,11.0,2.0,6.0,5.0,18.0,14.0,14.0,4.0,0.0,3.0,0.0,0.0,0.0,3.0,2.0,0.0,0.0,19.0,54.0,54.0
7Networks_LH_DorsAttn_Post_4,2.0,2.0,6.0,0.0,0.0,0.0,1.0,6.0,1.0,0.0,2.0,0.0,1.0,3.0,19.0,43.0,66.0,1479.0,491.0,2957.0,676.0,2.0,5852.0,1338.0,520.0,361.0,1036.0,74.0,355.0,329.0,17.0,46.0,16.0,0.0,3918.0,474.0,29.0,381.0,55.0,360.0,46.0,9.0,92.0,53.0,3988.0,1729.0,253.0,9.0,34.0,166.0,1.0,2.0,7.0,26.0,1.0,0.0,1.0,6.0,1.0,1.0,143.0,724.0,1896.0,22.0,2.0,1.0,1.0,2.0,22.0,52.0,2.0,5.0,0.0,1.0,3.0,6.0,7.0,5.0,3.0,86.0,31.0,66.0,6.0,0.0,4.0,1.0,20.0,0.0,1.0,0.0,8.0,2.0,77.0,5.0,8.0,0.0,1.0,0.0,3.0,1.0,0.0,0.0,0.0,0.0,0.0,0.0,2.0,0.0,0.0,0.0,0.0,2.0,0.0,1.0,1.0,0.0,3.0,0.0,0.0,1.0,0.0,0.0,0.0,4.0,0.0,4.0,0.0,0.0,2.0,4.0,1.0,38.0,35.0,7.0,0.0,0.0,1.0,0.0,0.0,2.0,0.0,1.0,16.0,8.0,0.0,0.0,2.0,0.0,2.0,1.0,1.0,0.0,3.0,0.0,2.0,0.0,24.0,8.0,0.0,0.0,0.0,0.0,0.0,0.0,0.0,0.0,0.0,0.0,0.0,0.0,0.0,0.0,1.0,0.0,0.0,0.0,1.0,4.0,1.0,4.0,3.0,0.0,3.0,0.0,1.0,1.0,0.0,0.0,0.0,0.0,0.0,0.0,0.0,0.0,1.0,0.0,0.0,2.0,6.0,4.0
7Networks_LH_DorsAttn_Post_5,0.0,0.0,1.0,0.0,0.0,0.0,0.0,0.0,0.0,0.0,0.0,0.0,0.0,0.0,3.0,10.0,8.0,111.0,15.0,214.0,102.0,1.0,2555.0,354.0,1636.0,51.0,334.0,9.0,24.0,29.0,0.0,5.0,0.0,3918.0,0.0,1560.0,11.0,429.0,14.0,307.0,13.0,5.0,32.0,2.0,464.0,524.0,24.0,0.0,3.0,43.0,0.0,2.0,2.0,8.0,0.0,0.0,0.0,0.0,0.0,0.0,15.0,486.0,3104.0,1.0,0.0,0.0,0.0,1.0,6.0,13.0,0.0,0.0,0.0,1.0,0.0,0.0,0.0,1.0,0.0,19.0,4.0,7.0,0.0,0.0,0.0,0.0,6.0,0.0,0.0,1.0,0.0,0.0,46.0,2.0,5.0,0.0,0.0,0.0,0.0,0.0,0.0,0.0,0.0,0.0,0.0,0.0,0.0,0.0,0.0,0.0,0.0,0.0,0.0,0.0,0.0,1.0,0.0,0.0,0.0,0.0,0.0,0.0,0.0,0.0,1.0,1.0,0.0,0.0,0.0,0.0,0.0,4.0,6.0,1.0,0.0,0.0,1.0,0.0,0.0,0.0,0.0,2.0,4.0,1.0,0.0,0.0,0.0,0.0,0.0,0.0,0.0,0.0,0.0,0.0,0.0,0.0,3.0,2.0,0.0,0.0,0.0,0.0,0.0,0.0,0.0,0.0,0.0,0.0,0.0,0.0,0.0,0.0,0.0,0.0,0.0,0.0,1.0,0.0,0.0,0.0,1.0,0.0,0.0,0.0,0.0,0.0,0.0,0.0,0.0,0.0,0.0,0.0,0.0,0.0,0.0,0.0,0.0,0.0,0.0,0.0
7Networks_LH_DorsAttn_Post_6,0.0,1.0,1.0,0.0,0.0,0.0,0.0,3.0,0.0,0.0,2.0,0.0,1.0,0.0,78.0,180.0,45.0,140.0,35.0,279.0,447.0,4.0,442.0,215.0,1726.0,227.0,349.0,36.0,55.0,39.0,4.0,17.0,19.0,474.0,1560.0,0.0,45.0,2803.0,43.0,802.0,177.0,39.0,132.0,16.0,169.0,182.0,157.0,2.0,9.0,68.0,1.0,0.0,1.0,19.0,0.0,0.0,1.0,3.0,0.0,1.0,139.0,1811.0,1599.0,9.0,0.0,0.0,1.0,4.0,55.0,135.0,3.0,2.0,0.0,2.0,4.0,23.0,3.0,6.0,4.0,21.0,11.0,49.0,4.0,0.0,2.0,3.0,13.0,0.0,0.0,1.0,4.0,3.0,448.0,29.0,8.0,0.0,1.0,0.0,1.0,1.0,1.0,0.0,0.0,0.0,0.0,0.0,0.0,0.0,0.0,0.0,0.0,2.0,0.0,1.0,1.0,1.0,4.0,0.0,0.0,1.0,0.0,0.0,0.0,0.0,0.0,7.0,0.0,0.0,1.0,0.0,3.0,8.0,3.0,3.0,1.0,0.0,0.0,0.0,0.0,3.0,0.0,2.0,14.0,10.0,0.0,0.0,0.0,0.0,1.0,0.0,1.0,0.0,2.0,0.0,0.0,1.0,8.0,6.0,0.0,0.0,0.0,0.0,1.0,0.0,0.0,0.0,0.0,0.0,0.0,0.0,0.0,0.0,0.0,0.0,0.0,0.0,2.0,2.0,0.0,1.0,7.0,0.0,0.0,0.0,0.0,1.0,2.0,0.0,1.0,0.0,0.0,0.0,0.0,0.0,3.0,0.0,0.0,0.0,2.0,3.0
