,L_bankssts,L_caudalanteriorcingulate,L_caudalmiddlefrontal,L_cuneus,L_entorhinal,L_fusiform,L_inferiorparietal,L_inferiortemporal,L_isthmuscingulate,L_lateraloccipital,L_lateralorbitofrontal,L_lingual,L_medialorbitofrontal,L_middletemporal,L_parahippocampal,L_paracentral,L_parsopercularis,L_parsorbitalis,L_parstriangularis,L_pericalcarine,L_postcentral,L_posteriorcingulate,L_precentral,L_precuneus,L_rostralanteriorcingulate,L_rostralmiddlefrontal,L_superiorfrontal,L_superiorparietal,L_superiortemporal,L_supramarginal,L_frontalpole,L_temporalpole,L_transversetemporal,L_insula,R_bankssts,R_caudalanteriorcingulate,R_caudalmiddlefrontal,R_cuneus,R_entorhinal,R_fusiform,R_inferiorparietal,R_inferiortemporal,R_isthmuscingulate,R_lateraloccipital,R_lateralorbitofrontal,R_lingual,R_medialorbitofrontal,R_middletemporal,R_parahippocampal,R_paracentral,R_parsopercularis,R_parsorbitalis,R_parstriangularis,R_pericalcarine,R_postcentral,R_posteriorcingulate,R_precentral,R_precuneus,R_rostralanteriorcingulate,R_rostralmiddlefrontal,R_superiorfrontal,R_superiorparietal,R_superiortemporal,R_supramarginal,R_frontalpole,R_temporalpole,R_transversetemporal,R_insula
L_bankssts,0.0,143.046455383301,149.261473519462,145.651115962437,0.0,154.694982580236,39.8252562645359,97.1931129319327,106.156866709391,144.292994424968,136.85399707995,150.297478357951,170.59455871582,35.3537312490056,126.777979532878,130.839762369792,129.550521730201,157.933199462891,146.923456426252,152.20778825548,115.074745019277,207.543446858724,125.805072195871,118.448159217834,0.0,154.186213869037,162.119593509408,126.86529381986,36.3726199197948,61.4790982586347,186.854892730713,156.69326210022,89.2858585075096,116.73482766792,189.119956970215,122.337425231934,177.169219970703,0.0,0.0,224.030776977539,169.643208821615,244.487319946289,118.534456041124,225.201477050781,0.0,197.619171142578,0.0,217.092768351237,0.0,150.308229446411,246.69612121582,0.0,0.0,213.431457519531,169.711286272321,140.233901977539,0.0,156.285110339784,0.0,204.406010945638,207.560070461697,167.394030979701,170.814804077148,166.957955932617,214.02555847168,0.0,161.239288330078,183.96949005127
L_caudalanteriorcingulate,143.046455383301,0.0,133.285858154297,0.0,0.0,0.0,174.287124633789,163.845206124442,92.6361669996222,200.856313705444,69.5183508131239,155.261530095881,54.8681010919973,140.044799804688,122.598626375198,67.3879864501953,78.9158106812643,88.8966960906982,66.2232351566547,195.772226969401,131.9892981393,41.5090428404619,139.2782081604,93.0894307361663,25.3923534307642,76.0253518499979,31.8170731083988,133.664819570688,153.297100830078,137.009044647217,127.865881102426,138.812985738118,221.861709594727,80.2009603566137,0.0,54.8452488292347,101.987767254865,0.0,0.0,0.0,185.144298553467,174.276168823242,144.478220322553,0.0,106.091336902819,0.0,97.1485686078168,222.388921101888,204.207656860352,129.547679356166,111.5127272288,116.27455069802,104.35609137933,0.0,160.064104352679,118.838265332309,143.589443751744,161.12472560042,75.7506597090741,103.398091331225,94.2830101288716,176.449592045375,156.262869517008,202.016464233398,119.735912114924,0.0,214.771057128906,112.872942410983
L_caudalmiddlefrontal,149.261473519462,133.285858154297,0.0,160.422004063924,178.825126647949,147.717324589076,109.32213895699,138.800634923231,153.964480845133,142.206902083351,164.663908004761,203.969606933594,232.546325683594,150.416291090158,203.469517299107,139.402717914987,48.9384943006351,130.082804621482,81.9133535729438,172.772159576416,97.7886083292884,114.07278213501,38.5196287268095,130.474740719576,132.50771077474,42.1977672792465,45.828414091141,106.157730033801,160.200837677923,103.422125480544,146.645769119263,146.48627726237,139.609710983083,98.4727741105048,208.885528564453,103.599000318995,115.444842629804,229.682586669922,227.882736206055,205.571624755859,198.026623196072,214.418672834124,147.090715261606,233.96196492513,147.769187927246,0.0,200.042022705078,221.887761433919,175.883544921875,143.734208724078,130.18369719202,153.383685025302,144.57344230883,0.0,168.612600627698,131.921177334256,154.513678725885,176.628448486328,144.277843475342,132.0309998529,117.087444365396,185.638783073425,200.078043619792,182.594742457072,159.651840209961,0.0,169.966949462891,146.181140806617
L_cuneus,145.651115962437,0.0,160.422004063924,0.0,107.405948093959,92.6524055010798,102.655170079281,124.211915334066,64.9976840920314,23.8409200848621,173.490673016898,45.679051418592,165.388980192297,131.225247770875,78.4175625965826,166.275863647461,200.980373382568,184.544503407936,185.862901475694,20.0350344141399,197.146781921387,141.667259216309,203.419336591448,25.2454185047928,167.470809936523,189.577556762695,195.094711303711,25.9472814883647,132.747280476376,165.364358629499,201.878038194444,138.525295620873,131.059921264648,118.617809892512,188.892269897461,206.474197387695,225.465713500977,108.014383593651,160.891326904297,181.158916897244,162.624387025833,185.289537478716,91.4264984402046,164.245255375137,224.102607727051,39.4619444176105,212.782638549805,193.407542114258,179.700545549393,154.151428222656,0.0,0.0,0.0,163.069454711161,246.876922607422,140.948696136475,0.0,128.646709056641,0.0,232.245738983154,219.79559135437,157.930698435051,201.83040348176,200.060905456543,0.0,244.139526367188,0.0,176.206309509277
L_entorhinal,0.0,0.0,178.825126647949,107.405948093959,0.0,21.8061332651011,130.385209334524,103.733099280052,70.6192408568107,125.726009952321,75.6489453887939,95.5740219244436,123.369319915771,148.186921926645,24.0058218863106,167.040451049805,202.079818725586,127.698278808594,184.538879394531,100.0238120155,0.0,107.121621704102,150.864053726196,87.668326401129,141.522289699978,173.313629150391,176.725256558122,119.322007165439,151.338039544912,130.618654251099,0.0,11.6041340341428,154.0634765625,15.6057422231177,0.0,0.0,0.0,146.847911834717,0.0,199.792724609375,0.0,180.929331461589,110.77230275472,173.818690829807,234.896560668945,129.807168579102,208.525756835938,197.140797932943,241.886993408203,149.158142089844,0.0,237.702545166016,0.0,167.89006652832,174.269973754883,128.734024047852,206.563461303711,155.028642272949,199.172065734863,0.0,207.31761932373,180.189039531507,202.149486541748,0.0,0.0,0.0,157.908843994141,215.796203613281
L_fusiform,154.694982580236,0.0,147.717324589076,92.6524055010798,21.8061332651011,0.0,79.7669651657675,42.2367610328426,87.0904765907878,48.2052845594602,157.084580129947,49.82769819296,133.866076633848,125.171719297722,31.6540838050811,165.720581054688,161.863147583008,173.370777268008,168.356395605839,83.2929465149163,149.139915657043,164.406732559204,152.950597998214,86.8954082671947,137.761949157715,165.553463502364,179.305468952486,83.6534050084468,133.299062379368,130.697037057562,175.020860916529,51.7447266799074,139.070556640625,118.926813513638,205.580894470215,185.429473876953,225.64444732666,175.146537045398,166.027099609375,190.596059799194,177.889335045448,189.871555510021,120.507041038351,176.303926409261,218.626725938585,156.802125673036,190.414408365885,209.26863628885,188.535146077474,186.64270401001,225.73681640625,231.103389195033,235.093070983887,178.000140126546,0.0,207.008964538574,209.000122070312,153.788389630886,217.896530151367,224.404118855794,212.00383628287,174.599420828118,196.947530110677,216.178960164388,225.307441711426,0.0,182.750659942627,192.420279608832
L_inferiorparietal,39.8252562645359,174.287124633789,109.32213895699,102.655170079281,130.385209334524,79.7669651657675,0.0,76.2882255341657,88.4312578410637,43.5304128708544,165.40360330602,141.538500849406,151.426282298808,57.291331412776,116.422080898877,162.68187889686,136.939042081188,177.062805365725,165.705240488781,123.046219884822,89.9303848193725,159.636382511684,105.150142143569,87.5382061083913,180.920265197754,141.805073596985,159.802032912003,42.46565954056,102.257728179876,43.9975569520518,185.034936384721,143.116078129521,96.188613168273,97.5101995212854,167.026229858398,145.754858016968,193.051567077637,158.986555536109,203.423629760742,188.096434674944,163.456833535052,182.827834882234,109.420073075728,163.172323399313,212.983002319336,165.591078207526,206.361404418945,189.221165376551,176.018604054171,159.651384231892,210.506958594689,226.543243408203,222.804593404134,165.397151402065,175.162507375081,134.5069584566,188.109702110291,141.557983135355,194.181522369385,218.256396063443,196.350693064288,159.77103250558,186.735194466331,160.697647094727,238.572116851807,211.428863525391,178.046231783353,186.408819127966
L_inferiortemporal,97.1931129319327,163.845206124442,138.800634923231,124.211915334066,103.733099280052,42.2367610328426,76.2882255341657,0.0,121.09201233089,84.7636223632691,112.179676803317,106.09478782035,98.5395036264628,40.1957098254458,75.9515319177575,205.064008076986,141.064612580918,145.024968940521,152.182455386207,114.935451366538,131.313406199712,161.739185810089,135.193989678715,120.544610090842,79.5755939483643,150.652723148638,164.201368241892,118.95436428621,122.919850726622,87.9814943602817,143.309429733842,32.1044762714665,124.006897193798,124.158698708022,183.412494659424,194.755501487038,207.571821424696,192.331265325132,0.0,207.085892333984,182.63969273721,204.796500676795,149.690841544388,202.376384613792,217.236324085909,156.112591352619,165.858282609419,206.916977473668,207.433338165283,182.077840532575,209.140954153878,210.67232131958,213.268672180176,197.700046539307,189.282287597656,147.690445582072,205.854760742187,168.380565307617,175.333335876465,217.036095174154,204.348223636025,184.378864114935,202.907310921805,178.654521179199,179.321406046549,204.40321858724,195.204551696777,193.16796875
L_isthmuscingulate,106.156866709391,92.6361669996222,153.964480845133,64.9976840920314,70.6192408568107,87.0904765907878,88.4312578410637,121.09201233089,0.0,79.9568762652366,149.124819493556,61.9977562652632,122.375225301374,127.608806447086,39.8687470015431,123.225684222053,131.686541327115,166.314916992188,146.113478831756,61.7671241583123,145.741610336304,29.9320621419904,143.598262297801,28.801194221136,104.629691671889,151.635455874578,115.736691943523,72.8941896917066,106.372785671191,105.444815437749,138.886022006764,129.348401911118,95.3765910315135,113.02752681445,121.625557422638,145.456931877136,164.106470108032,113.150277918035,143.891933441162,159.212500163487,125.474868209274,150.798403256899,32.3339775999387,133.814294302335,176.804348829316,126.113335688311,159.640095810006,145.067692756653,128.989681243896,98.966964958454,183.69082406851,198.088895357572,202.315543038504,122.448417422138,128.765044257754,52.4232003119996,135.35467708812,83.1720964776634,138.022823691368,201.365062872569,174.098484625444,113.939539703135,123.735138338898,113.415870807789,178.870422883467,218.727996826172,106.608803612845,114.513692548198
L_lateraloccipital,144.292994424968,200.856313705444,142.206902083351,23.8409200848621,125.726009952321,48.2052845594602,43.5304128708544,84.7636223632691,79.9568762652366,0.0,168.365694108443,41.6618299966285,154.340884713566,118.948279602363,99.8691322440108,191.305328369141,170.892077651533,179.826268090693,181.293534467924,24.5260894436625,154.722145625523,195.378408544204,162.211029230853,105.94101789521,165.946249389648,179.561542057086,192.711866408128,57.9306756665174,129.447539907545,144.159459281781,186.937066214425,138.393414790273,141.90637536951,115.032960622207,206.513824462891,203.698344639369,224.496288723416,166.381785155011,195.557804107666,193.604418956251,179.501482589654,194.859270754114,108.933710836058,170.874523263417,218.390733247645,160.352106704242,230.30063421076,206.798774630524,187.824120410653,0.0,233.087493896484,237.099405016218,231.610146017636,169.049822431092,216.023773193359,193.249384880066,223.694728088379,144.004595685538,206.772349766323,228.703590686505,225.130750232273,167.247158127531,209.531633400055,221.455971854074,231.182206373948,235.100451660156,204.343392944336,186.867536656997
L_lateralorbitofrontal,136.85399707995,69.5183508131239,164.663908004761,173.490673016898,75.6489453887939,157.084580129947,165.40360330602,112.179676803317,149.124819493556,168.365694108443,0.0,153.957903808662,36.3161783257489,98.8285046836544,136.334362513582,133.723611831665,51.2647273775944,30.1614834330596,34.5261537873518,160.926825195312,126.750618808241,111.502200939037,124.454599254859,159.388983175057,35.5563387099029,35.313355871069,103.265631428999,172.565612430679,84.8087078650767,137.246791136892,50.2597182640243,77.0900317827861,121.770919254848,30.053675115452,204.073989868164,100.279313307542,141.933715820312,218.735008239746,0.0,0.0,220.927388730256,212.716979217529,176.358756155338,227.349311828613,77.2873466382317,184.104866536458,86.5788298112519,214.123892211914,211.223205566406,170.073969523112,158.516689300537,112.540130833217,149.21928024292,226.174789428711,0.0,147.359062194824,166.985969543457,201.852067340504,81.177986683565,120.941774478325,115.998312560144,218.819256122296,176.194594341776,216.322931925456,109.280626708984,130.405914306641,245.996612548828,125.919423720416
L_lingual,150.297478357951,155.261530095881,203.969606933594,45.679051418592,95.5740219244436,49.82769819296,141.538500849406,106.09478782035,61.9977562652632,41.6618299966285,153.957903808662,0.0,141.107738327194,122.806310888233,51.775274764729,172.161895751953,189.741604042053,168.17658045372,172.333968936394,28.5487905255344,203.603547668457,114.297637352577,201.15456049493,36.1022594889322,136.455032348633,173.401554556826,182.980446452826,61.658821540499,129.353060023505,175.631988384106,180.489851868268,116.942407312528,128.098664283752,122.080887270498,189.814834594727,178.798450469971,235.552581787109,153.557386489625,200.419665018717,149.586330725222,183.79934531764,185.36157503995,103.030932314912,168.09140080594,201.348348999023,33.6464821185533,196.993797302246,195.513765481802,171.918336377825,147.351773579915,233.048809051514,235.39331817627,215.278958129883,147.823884446886,0.0,143.482040405273,0.0,145.560670308559,198.266784667969,226.459712028503,220.891588687897,165.529634226481,196.883673003226,245.452331542969,225.424339294434,234.498306274414,202.667587280273,197.24183185284
L_medialorbitofrontal,170.59455871582,54.8681010919973,232.546325683594,165.388980192297,123.369319915771,133.866076633848,151.426282298808,98.5395036264628,122.375225301374,154.340884713566,36.3161783257489,141.107738327194,0.0,101.974169046601,140.911454609462,164.589634486607,199.381629943848,91.4969655246269,180.158219337463,155.006579472468,158.565897623698,88.5499365463257,206.85519917806,137.091897134041,21.4552465510106,89.5193785581544,45.2262796791521,160.126455551539,88.8535296236531,164.708460126604,37.3239785907408,85.8208693067233,0.0,32.344532076792,0.0,95.1684539978763,158.685989379883,228.807487487793,0.0,115.163274129232,220.798770904541,164.43143932636,164.948882597039,206.564479827881,73.5454439673564,166.576477050781,82.381930695571,152.857463695385,241.580017089844,176.146557617188,170.040500640869,111.017599972812,136.763827604406,236.766021728516,206.933906555176,149.495437865562,160.536270141602,187.259193529923,59.9851813389705,111.085142688947,102.675634819946,198.546245574951,145.244584367082,178.58910369873,107.007281904037,131.317342904898,213.202896118164,89.4782930031801
L_middletemporal,35.3537312490056,140.044799804688,150.416291090158,131.225247770875,148.186921926645,125.171719297722,57.291331412776,40.1957098254458,127.608806447086,118.948279602363,98.8285046836544,122.806310888233,101.974169046601,0.0,119.543713160924,160.29505666097,140.901056561154,122.491554118707,143.247234363978,129.445625151975,131.503608507148,159.829816000802,133.386396502423,130.089668726261,100.730174137996,139.287843266991,160.418177993021,127.439433846662,49.5629569996365,77.6503447677677,127.802599087567,48.0056606009603,130.891886955084,109.930628634195,209.736482892718,177.587960137261,199.649085998535,209.967338562012,0.0,232.250244140625,188.872913742065,216.929055587105,150.544378162485,210.754341052827,185.247994056115,161.799679797629,183.315593295627,212.82709030878,212.383062744141,167.290713500977,210.443138122559,183.446647644043,220.024571010045,216.344575148362,179.55392238072,152.977410125732,202.371080671038,172.993332279887,147.453132629395,193.114718553497,193.526601626549,186.148868584986,200.245925552544,181.780592265882,196.937215805054,0.0,196.597104753767,199.10915275242
L_parahippocampal,126.777979532878,122.598626375198,203.469517299107,78.4175625965826,24.0058218863106,31.6540838050811,116.422080898877,75.9515319177575,39.8687470015431,99.8691322440108,136.334362513582,51.775274764729,140.911454609462,119.543713160924,0.0,153.528012593587,164.985584034639,153.561878204346,170.640704104775,71.4071321565725,118.012185777937,76.8525274553869,143.285531417183,58.0588269962721,131.959749821254,164.785512011984,138.087457971012,91.8743883819733,123.415216862605,126.978736877441,164.255031585693,70.9582850885071,119.504613009366,117.91492178085,149.369529724121,0.0,245.138641357422,179.335778045654,0.0,175.301942825317,178.135786437988,180.646836224724,81.1836625053769,180.086986026248,196.841295514788,148.02449353536,180.634446577592,181.418348312378,111.133270263672,118.184029620627,215.146949768066,215.806304931641,0.0,160.562564849854,143.094908714294,99.0964668273926,159.311267852783,124.889031422289,175.533294677734,194.281711578369,186.975109489597,151.176065738385,176.754838180542,143.288286481585,198.781039428711,0.0,154.33141784668,157.551609039307
L_paracentral,130.839762369792,67.3879864501953,139.402717914987,166.275863647461,167.040451049805,165.720581054688,162.68187889686,205.064008076986,123.225684222053,191.305328369141,133.723611831665,172.161895751953,164.589634486607,160.29505666097,153.528012593587,0.0,126.410131159517,133.027473449707,138.355219364166,0.0,34.4598713712236,33.7999933693745,30.7368130768676,41.8147108331721,99.3246172124689,159.39451789856,42.0562663594905,51.0824436771378,113.092727212345,102.047067569253,0.0,0.0,95.6426192063552,109.600425572358,148.112319946289,122.964390012953,139.256932973862,193.791702270508,136.939834594727,187.150787353516,165.53235244751,177.055102030436,98.8773137269755,196.036415100098,169.695592244466,0.0,176.593004014757,165.428796768188,122.407548127351,100.729494651196,162.093215560913,201.229059855143,172.809740568462,0.0,131.511134127219,80.2462011688724,114.948166997193,118.524717508408,146.304370117187,156.860347747803,112.90834341329,134.339262898763,158.174892772328,137.928494681299,205.874160766602,0.0,148.08275604248,145.343705397386
L_parsopercularis,129.550521730201,78.9158106812643,48.9384943006351,200.980373382568,202.079818725586,161.863147583008,136.939042081188,141.064612580918,131.686541327115,170.892077651533,51.2647273775944,189.741604042053,199.381629943848,140.901056561154,164.985584034639,126.410131159517,0.0,74.1905030808129,29.1671458547416,170.437685452975,109.792480570698,103.184138298035,47.9723102728619,142.801123536151,154.464876651764,44.0680805347721,85.1825816456724,149.262243586894,122.865310325569,113.5763237116,165.991186141968,145.119030634562,111.056130429973,37.8379646942447,231.098968505859,93.1168276468913,130.924864261086,0.0,0.0,211.940536499023,198.078491210938,199.350257873535,175.052161865234,229.48690032959,174.036632537842,210.860794067383,164.502100263323,219.717152913411,183.27587890625,158.157269305493,137.444069220585,143.531666278839,143.646044588637,0.0,191.970678710938,146.460049679405,166.01077851795,199.25115952125,163.022929600307,139.982741816215,128.450307786827,208.765133007153,206.868150983538,209.618442111545,190.449301147461,0.0,239.465606689453,158.25331680863
L_parsorbitalis,157.933199462891,88.8966960906982,130.082804621482,184.544503407936,127.698278808594,173.370777268008,177.062805365725,145.024968940521,166.314916992188,179.826268090693,30.1614834330596,168.17658045372,91.4969655246269,122.491554118707,153.561878204346,133.027473449707,74.1905030808129,0.0,27.6276530661176,171.375318271011,155.1470933394,138.622894287109,133.323990499167,174.642431443737,107.228972625732,35.4455707244837,88.9728715547628,183.968377567473,108.309869885992,159.369959601041,75.5996992144668,99.5161231330207,155.382022221883,60.6262722408731,222.997436523438,146.837293148041,164.313794817243,0.0,219.741119384766,0.0,226.332824707031,239.771209716797,194.044548034668,239.974860055106,106.459509440831,187.291751861572,118.879822641049,227.0013671875,230.145401000977,201.516713460286,163.553841983571,120.020184662382,141.974462763468,0.0,182.885147094727,201.275327410017,191.271939086914,217.645943072202,122.20626449585,122.518418393656,126.309153346823,230.612171846278,226.612471147017,202.624975585938,121.684556185544,0.0,0.0,194.267489624023
L_parstriangularis,146.923456426252,66.2232351566547,81.9133535729438,185.862901475694,184.538879394531,168.356395605839,165.705240488781,152.182455386207,146.113478831756,181.293534467924,34.5261537873518,172.333968936394,180.158219337463,143.247234363978,170.640704104775,138.355219364166,29.1671458547416,27.6276530661176,0.0,175.049321594238,131.491183383124,119.725628617881,118.580600690238,157.34546564738,92.817242026329,40.8295709550611,90.3676523804376,173.855395541472,124.907640203796,134.075009979248,117.900962114334,105.477825474095,126.040693200153,47.5058255028667,226.406875610352,105.911830216311,154.198112130165,242.98363494873,0.0,0.0,201.273770141602,221.354559326172,199.117601182726,231.02305094401,158.273414611816,186.495740618025,141.640593679328,222.628701782227,0.0,183.849920363653,141.975441119422,129.789807637533,130.667130937763,0.0,194.663602193197,155.704693880948,182.107427526403,216.73782770066,123.275686899821,127.099844714675,130.777558917623,227.959870094477,224.830715179443,189.005669227013,149.282271984012,0.0,239.286773681641,150.306054041936
L_pericalcarine,152.20778825548,195.772226969401,172.772159576416,20.0350344141399,100.0238120155,83.2929465149163,123.046219884822,114.935451366538,61.7671241583123,24.5260894436625,160.926825195312,28.5487905255344,155.006579472468,129.445625151975,71.4071321565725,0.0,170.437685452975,171.375318271011,175.049321594238,0.0,188.693206787109,119.289848327637,195.457497490777,39.5586516615316,162.06022644043,180.95101064659,190.703597717285,34.8412629027486,133.939233697997,174.454772949219,187.721304151747,130.902487931428,0.0,115.325601671563,195.141441345215,0.0,0.0,152.019912504279,215.089588165283,189.92759636773,156.071300930447,184.388996325041,90.0804378509522,162.238108770546,189.723288399833,70.9815941952861,245.714553833008,210.486710981889,176.037982940674,218.905578613281,237.64826965332,231.340876261393,232.965606689453,161.118834900999,0.0,131.886222839355,0.0,132.360571916405,161.763824462891,215.087320963542,226.420762803819,158.963942380933,210.667705717541,210.884162902832,0.0,0.0,0.0,228.193328857422
L_postcentral,115.074745019277,131.9892981393,97.7886083292884,197.146781921387,0.0,149.139915657043,89.9303848193725,131.313406199712,145.741610336304,154.722145625523,126.750618808241,203.603547668457,158.565897623698,131.503608507148,118.012185777937,34.4598713712236,109.792480570698,155.1470933394,131.491183383124,188.693206787109,0.0,77.9069705289953,46.9645906333968,80.1388710488431,135.933883666992,143.099130607513,121.109150830437,56.3244497157944,97.9021502728504,44.0926568232838,155.307464599609,155.802673339844,73.8159212354797,56.3739922963845,169.070892333984,153.773436864217,177.091690866571,0.0,0.0,229.210983276367,165.419069290161,188.689036976207,119.923336994599,225.059188842773,0.0,188.193771362305,191.361474609375,182.638311212713,155.989724053277,128.754412036781,191.083557822488,0.0,204.220891952515,0.0,145.336527612996,108.02533306795,149.185554726745,140.217351007024,169.151364326477,196.275076729911,163.856228451199,153.461125464297,164.218165715535,148.282804302141,0.0,0.0,147.219734191895,174.664281572614
L_posteriorcingulate,207.543446858724,41.5090428404619,114.07278213501,141.667259216309,107.121621704102,164.406732559204,159.636382511684,161.739185810089,29.9320621419904,195.378408544204,111.502200939037,114.297637352577,88.5499365463257,159.829816000802,76.8525274553869,33.7999933693745,103.184138298035,138.622894287109,119.725628617881,119.289848327637,77.9069705289953,0.0,68.984880504154,42.8697317006186,67.6458962330451,124.214066740395,52.5247586345101,86.1067197736339,139.865460126828,137.999671566871,132.104212079729,153.366051991781,110.819772720337,103.421590442306,146.558589935303,93.5449848576596,120.709897641782,0.0,0.0,162.991201400757,159.532155936105,153.776476860046,63.0802709095514,206.49337550572,136.807513068704,220.643989562988,128.119485413664,164.31726498074,86.8113462660048,82.4592844749946,134.215296577005,171.805845472548,148.047781808036,120.715705871582,109.540060186662,61.3328389852093,106.788302527534,97.0020522982368,106.785262376834,153.086234730376,93.8381941829849,111.316532847951,133.916197271908,116.504592895508,161.381236594064,0.0,115.096425143155,131.52548529885
L_precentral,125.805072195871,139.2782081604,38.5196287268095,203.419336591448,150.864053726196,152.950597998214,105.150142143569,135.193989678715,143.598262297801,162.211029230853,124.454599254859,201.15456049493,206.85519917806,133.386396502423,143.285531417183,30.7368130768676,47.9723102728619,133.323990499167,118.580600690238,195.457497490777,46.9645906333968,68.984880504154,0.0,88.3492526839099,166.241343688965,97.1033428461865,61.5494208610957,96.4999576078575,118.498980588242,84.4135965444778,143.902857462565,136.63876620206,96.404794455207,62.3974944210962,230.133148193359,142.893169879913,136.439556067717,0.0,187.125025431315,171.990936279297,185.049194632225,213.687661488851,118.794023161481,228.470848083496,212.96467590332,208.599685668945,187.260225931803,215.135442097982,139.837678175706,118.032099536078,169.879778809343,200.209243774414,193.57666894945,0.0,151.638378366953,107.571563198792,129.366216557166,146.517781119646,168.075278145926,171.081773268438,127.411669987059,168.563229170926,197.822610764276,177.715389305437,217.85400390625,0.0,179.980648464627,169.760055881076
L_precuneus,118.448159217834,93.0894307361663,130.474740719576,25.2454185047928,87.668326401129,86.8954082671947,87.5382061083913,120.544610090842,28.801194221136,105.94101789521,159.388983175057,36.1022594889322,137.091897134041,130.089668726261,58.0588269962721,41.8147108331721,142.801123536151,174.642431443737,157.34546564738,39.5586516615316,80.1388710488431,42.8697317006186,88.3492526839099,0.0,114.733807123796,161.075955020057,105.69094657338,36.4673987704242,113.44841227072,99.0256119311695,176.610632324219,128.46335986713,99.0725211960441,111.313269211696,146.252843012575,139.397770385742,180.02256657527,142.669164726062,190.848708629608,178.933851776123,143.74704102612,161.181700246133,82.8224058752553,151.946137567555,192.032661403776,156.967111219609,176.929141277542,164.298694605821,145.226680082433,111.875108960623,185.738582391848,212.075495741102,198.46035127382,149.828072896818,134.158409275864,89.411534691809,148.253514318562,110.551201971437,160.937461255944,200.65212902656,162.670649613715,129.38734747978,153.411929079595,136.784666163842,195.75679841883,191.859279632568,142.496632497245,149.841220980376
L_rostralanteriorcingulate,0.0,25.3923534307642,132.50771077474,167.470809936523,141.522289699978,137.761949157715,180.920265197754,79.5755939483643,104.629691671889,165.946249389648,35.5563387099029,136.455032348633,21.4552465510106,100.730174137996,131.959749821254,99.3246172124689,154.464876651764,107.228972625732,92.817242026329,162.06022644043,135.933883666992,67.6458962330451,166.241343688965,114.733807123796,0.0,107.196461070668,26.8957024051031,144.12519232432,87.3870713477041,219.357383728027,92.263398672405,80.1000627255907,0.0,42.1189132374859,0.0,43.4788542247954,142.748229980469,0.0,0.0,0.0,168.89897664388,221.529937744141,160.402392233572,165.316390991211,63.7122254858212,0.0,66.8121640524139,152.459335327148,154.112655639648,167.360671234131,113.491355895996,105.929308038009,103.898542373899,0.0,165.218975360577,138.556167339456,170.695029122489,180.782830111952,34.9396419686875,100.803229638629,86.9429670468295,202.482670898438,161.480022083629,184.339848836263,95.9291250525243,0.0,0.0,104.81570652553
L_rostralmiddlefrontal,154.186213869037,76.0253518499979,42.1977672792465,189.577556762695,173.313629150391,165.553463502364,141.805073596985,150.652723148638,151.635455874578,179.561542057086,35.313355871069,173.401554556826,89.5193785581544,139.287843266991,164.785512011984,159.39451789856,44.0680805347721,35.4455707244837,40.8295709550611,180.95101064659,143.099130607513,124.214066740395,97.1033428461865,161.075955020057,107.196461070668,0.0,48.5476766382553,158.146665705618,127.353107549582,129.779882269614,33.6659511765944,111.436691600424,173.396177503798,86.6051398537819,217.911529541016,100.502108236231,125.712478191191,242.388412475586,0.0,205.549087524414,207.487868536086,215.530033784754,189.269690159389,231.452547709147,102.636191631681,199.759719848633,112.476388492651,207.000343799591,216.061836242676,175.011630684989,126.575525392132,119.130587417337,127.895972498125,239.350631713867,198.592876140888,159.657009442647,178.70726289295,205.275442258276,109.83585443631,122.038756562497,121.329393614719,228.304737013213,194.287085491678,198.256568160712,119.101431032803,0.0,171.050193786621,143.833062227107
L_superiorfrontal,162.119593509408,31.8170731083988,45.828414091141,195.094711303711,176.725256558122,179.305468952486,159.802032912003,164.201368241892,115.736691943523,192.711866408128,103.265631428999,182.980446452826,45.2262796791521,160.418177993021,138.087457971012,42.0562663594905,85.1825816456724,88.9728715547628,90.3676523804376,190.703597717285,121.109150830437,52.5247586345101,61.5494208610957,105.69094657338,26.8957024051031,48.5476766382553,0.0,123.004078609989,146.380335156443,148.777733343686,37.4704556579097,123.505226064611,150.640786382887,89.4791829587152,204.644133249919,75.0449496231015,115.353983063148,0.0,0.0,204.234538487026,183.868736906005,209.693858393916,166.455445929083,218.598587036133,114.95478102846,219.44991009052,107.899746011944,204.855578448321,172.979298678311,107.36106361509,126.355311095731,122.661797372596,128.40506868173,233.931945800781,167.998269732406,110.248884269863,122.569255640403,174.121149670947,80.586851578217,121.339430271649,106.723950338032,178.464542826417,195.752086492685,189.609490350846,119.787061766428,190.26308186849,193.877804026884,140.563055534195
L_superiorparietal,126.86529381986,133.664819570688,106.157730033801,25.9472814883647,119.322007165439,83.6534050084468,42.46565954056,118.95436428621,72.8941896917066,57.9306756665174,172.565612430679,61.658821540499,160.126455551539,127.439433846662,91.8743883819733,51.0824436771378,149.262243586894,183.968377567473,173.855395541472,34.8412629027486,56.3244497157944,86.1067197736339,96.4999576078575,36.4673987704242,144.12519232432,158.146665705618,123.004078609989,0.0,112.309773099704,68.377268295769,195.900799942017,147.79386289872,93.7476273590249,97.1918316473651,164.280782896897,159.442785996657,193.857584533691,162.388546066284,202.354701649059,185.930991714065,158.232267778114,179.325125373762,100.380843740555,166.636215449127,206.869595427262,146.849030790021,203.19030543736,181.819048224555,174.938081650507,129.077184078603,198.529777125308,226.541295577069,223.598538208008,164.370057634833,146.214400838474,105.289612940116,165.948989179798,130.90403790302,179.498873901367,218.441494750977,176.328129464007,149.473349708379,169.454829819665,146.604187086152,235.874755859375,194.194213867188,153.400602762678,163.214516134823
L_superiortemporal,36.3726199197948,153.297100830078,160.200837677923,132.747280476376,151.338039544912,133.299062379368,102.257728179876,122.919850726622,106.372785671191,129.447539907545,84.8087078650767,129.353060023505,88.8535296236531,49.5629569996365,123.415216862605,113.092727212345,122.865310325569,108.309869885992,124.907640203796,133.939233697997,97.9021502728504,139.865460126828,118.498980588242,113.44841227072,87.3870713477041,127.353107549582,146.380335156443,112.309773099704,0.0,51.1310335660328,122.508213020094,35.6574243224809,26.3291246454966,44.7000349410174,172.357448323568,158.369956072639,188.202689170837,209.159310477121,0.0,220.017358633188,182.85027356829,200.756738602488,134.330315842348,205.194810368465,192.542067936489,193.500650193956,155.436681332796,204.214733123779,207.52121887207,150.017931410104,205.586973644438,199.341204129733,190.512095133464,205.137491498675,163.153013906171,134.415419030697,182.581676810128,159.910343261841,159.483743286133,177.549706870631,185.980970976968,173.652998643114,191.496551990509,165.699968973796,175.729914347331,0.0,173.014846801758,191.804538345337
L_supramarginal,61.4790982586347,137.009044647217,103.422125480544,165.364358629499,130.618654251099,130.697037057562,43.9975569520518,87.9814943602817,105.444815437749,144.159459281781,137.246791136892,175.631988384106,164.708460126604,77.6503447677677,126.978736877441,102.047067569253,113.5763237116,159.369959601041,134.075009979248,174.454772949219,44.0926568232838,137.999671566871,84.4135965444778,99.0256119311695,219.357383728027,129.779882269614,148.777733343686,68.377268295769,51.1310335660328,0.0,205.213905334473,143.457960605621,45.3449477512437,65.6950719054588,163.890615081787,160.251730111929,180.981155395508,243.847640991211,0.0,208.941413879395,165.067403920492,164.372850036621,116.034528459821,207.141422816685,243.39875793457,220.815246582031,211.815620422363,167.069654541016,139.820724487305,133.547044277191,204.873580932617,0.0,206.785478210449,184.406867980957,145.440737964661,110.812033959155,163.239636775426,138.421844937326,170.613082885742,195.642379760742,185.173056204488,147.551132234004,172.215653909219,150.66422205386,0.0,0.0,152.213351978975,158.551047643026
L_frontalpole,186.854892730713,127.865881102426,146.645769119263,201.878038194444,0.0,175.020860916529,185.034936384721,143.309429733842,138.886022006764,186.937066214425,50.2597182640243,180.489851868268,37.3239785907408,127.802599087567,164.255031585693,0.0,165.991186141968,75.5996992144668,117.900962114334,187.721304151747,155.307464599609,132.104212079729,143.902857462565,176.610632324219,92.263398672405,33.6659511765944,37.4704556579097,195.900799942017,122.508213020094,205.213905334473,0.0,115.272520965,0.0,82.2746348221336,0.0,119.986947860718,207.085083007812,0.0,0.0,230.46989440918,237.15714263916,195.768814086914,198.207720947266,241.483022054036,103.008955580985,227.828652518136,104.703913863254,196.411916097005,0.0,180.619537353516,135.972610473633,115.192077396801,126.810791015625,0.0,200.239486694336,162.025943332248,204.446919759115,216.968302712512,86.6449187700139,115.104934512232,114.983189339624,235.388114929199,170.320790608724,203.444305419922,114.963842738758,200.654403686523,0.0,149.323084089491
L_temporalpole,156.69326210022,138.812985738118,146.48627726237,138.525295620873,11.6041340341428,51.7447266799074,143.116078129521,32.1044762714665,129.348401911118,138.393414790273,77.0900317827861,116.942407312528,85.8208693067233,48.0056606009603,70.9582850885071,0.0,145.119030634562,99.5161231330207,105.477825474095,130.902487931428,155.802673339844,153.366051991781,136.63876620206,128.46335986713,80.1000627255907,111.436691600424,123.505226064611,147.79386289872,35.6574243224809,143.457960605621,115.272520965,0.0,0.0,23.9667628406658,0.0,0.0,0.0,220.54500579834,0.0,205.033813476562,204.784177507673,230.429940359933,143.364142862956,215.779792198768,127.668873596191,165.705130259196,168.787570295663,233.731597900391,0.0,236.537384033203,0.0,168.887870788574,187.673133850098,214.085296630859,0.0,0.0,186.780326843262,183.172687183727,131.268780517578,182.693553161621,170.537525358654,200.083213806152,222.691543579102,0.0,177.657127380371,0.0,208.890472412109,181.730922698975
L_transversetemporal,89.2858585075096,221.861709594727,139.609710983083,131.059921264648,154.0634765625,139.070556640625,96.188613168273,124.006897193798,95.3765910315135,141.90637536951,121.770919254848,128.098664283752,0.0,130.891886955084,119.504613009366,95.6426192063552,111.056130429973,155.382022221883,126.040693200153,0.0,73.8159212354797,110.819772720337,96.404794455207,99.0725211960441,0.0,173.396177503798,150.640786382887,93.7476273590249,26.3291246454966,45.3449477512437,0.0,0.0,0.0,29.2739315882281,140.91796875,202.57258605957,142.870056152344,162.414321899414,0.0,0.0,151.223145802816,182.501264572144,113.726747512817,215.022605895996,228.940635681152,208.543899536133,0.0,152.620953877767,0.0,130.421975374222,213.006782531738,240.868774414062,0.0,0.0,172.606432233538,109.455171966553,179.504547119141,142.380900481652,0.0,213.452331542969,186.378433227539,156.971508956537,201.040645252575,148.876882280622,0.0,0.0,174.196426391602,168.233723958333
L_insula,116.73482766792,80.2009603566137,98.4727741105048,118.617809892512,15.6057422231177,118.926813513638,97.5101995212854,124.158698708022,113.02752681445,115.032960622207,30.053675115452,122.080887270498,32.344532076792,109.930628634195,117.91492178085,109.600425572358,37.8379646942447,60.6262722408731,47.5058255028667,115.325601671563,56.3739922963845,103.421590442306,62.3974944210962,111.313269211696,42.1189132374859,86.6051398537819,89.4791829587152,97.1918316473651,44.7000349410174,65.6950719054588,82.2746348221336,23.9667628406658,29.2739315882281,0.0,179.803030831473,99.502757982276,136.402300394498,189.801798040217,0.0,211.046465555827,168.750791723078,188.114749841523,131.022330687927,190.733227085423,115.687100728353,189.705350160599,111.421791821718,192.284441583807,159.339613778251,142.856344870471,146.87568560791,147.357134269946,146.047513516744,200.499977111816,154.239468284275,136.993351305945,164.55941471909,149.541379931872,101.043735114896,143.004295762919,130.111670979282,163.654958106853,184.009167989095,174.136564890544,148.384403886466,0.0,166.408314296177,179.25280530525
R_bankssts,189.119956970215,0.0,208.885528564453,188.892269897461,0.0,205.580894470215,167.026229858398,183.412494659424,121.625557422638,206.513824462891,204.073989868164,189.814834594727,0.0,209.736482892718,149.369529724121,148.112319946289,231.098968505859,222.997436523438,226.406875610352,195.141441345215,169.070892333984,146.558589935303,230.133148193359,146.252843012575,0.0,217.911529541016,204.644133249919,164.280782896897,172.357448323568,163.890615081787,0.0,0.0,140.91796875,179.803030831473,0.0,170.477081298828,148.374354753338,106.343530828303,0.0,133.360883712769,39.2056686601206,97.1403086968188,99.5644917390784,121.209151932479,145.624063931979,145.309683227539,0.0,34.2202744736922,108.135486602783,107.853294372559,118.867508581913,147.785492636941,134.303211212158,140.905463663737,115.563665480841,88.0639337812151,116.730330731006,109.445283455684,0.0,147.173712343783,152.029004496913,102.328078588908,26.4813260254242,40.1850499387839,137.469711303711,0.0,71.6343342661858,100.849584851946
