,7Networks_LH_Vis_1,7Networks_LH_Vis_2,7Networks_LH_Vis_3,7Networks_LH_Vis_4,7Networks_LH_Vis_5,7Networks_LH_Vis_6,7Networks_LH_Vis_7,7Networks_LH_Vis_8,7Networks_LH_Vis_9,7Networks_LH_SomMot_1,7Networks_LH_SomMot_2,7Networks_LH_SomMot_3,7Networks_LH_SomMot_4,7Networks_LH_SomMot_5,7Networks_LH_SomMot_6,7Networks_LH_DorsAttn_Post_1,7Networks_LH_DorsAttn_Post_2,7Networks_LH_DorsAttn_Post_3,7Networks_LH_DorsAttn_Post_4,7Networks_LH_DorsAttn_Post_5,7Networks_LH_DorsAttn_Post_6,7Networks_LH_DorsAttn_PrCv_1,7Networks_LH_DorsAttn_FEF_1,7Networks_LH_SalVentAttn_ParOper_1,7Networks_LH_SalVentAttn_FrOperIns_1,7Networks_LH_SalVentAttn_FrOperIns_2,7Networks_LH_SalVentAttn_PFCl_1,7Networks_LH_SalVentAttn_Med_1,7Networks_LH_SalVentAttn_Med_2,7Networks_LH_SalVentAttn_Med_3,7Networks_LH_Limbic_OFC_1,7Networks_LH_Limbic_TempPole_1,7Networks_LH_Limbic_TempPole_2,7Networks_LH_Cont_Par_1,7Networks_LH_Cont_PFCl_1,7Networks_LH_Cont_pCun_1,7Networks_LH_Cont_Cing_1,7Networks_LH_Default_Temp_1,7Networks_LH_Default_Temp_2,7Networks_LH_Default_Par_1,7Networks_LH_Default_Par_2,7Networks_LH_Default_PFC_1,7Networks_LH_Default_PFC_2,7Networks_LH_Default_PFC_3,7Networks_LH_Default_PFC_4,7Networks_LH_Default_PFC_5,7Networks_LH_Default_PFC_6,7Networks_LH_Default_PFC_7,7Networks_LH_Default_pCunPCC_1,7Networks_LH_Default_pCunPCC_2,7Networks_RH_Vis_1,7Networks_RH_Vis_2,7Networks_RH_Vis_3,7Networks_RH_Vis_4,7Networks_RH_Vis_5,7Networks_RH_Vis_6,7Networks_RH_Vis_7,7Networks_RH_Vis_8,7Networks_RH_SomMot_1,7Networks_RH_SomMot_2,7Networks_RH_SomMot_3,7Networks_RH_SomMot_4,7Networks_RH_SomMot_5,7Networks_RH_SomMot_6,7Networks_RH_SomMot_7,7Networks_RH_SomMot_8,7Networks_RH_DorsAttn_Post_1,7Networks_RH_DorsAttn_Post_2,7Networks_RH_DorsAttn_Post_3,7Networks_RH_DorsAttn_Post_4,7Networks_RH_DorsAttn_Post_5,7Networks_RH_DorsAttn_PrCv_1,7Networks_RH_DorsAttn_FEF_1,7Networks_RH_SalVentAttn_TempOccPar_1,7Networks_RH_SalVentAttn_TempOccPar_2,7Networks_RH_SalVentAttn_FrOperIns_1,7Networks_RH_SalVentAttn_Med_1,7Networks_RH_SalVentAttn_Med_2,7Networks_RH_Limbic_OFC_1,7Networks_RH_Limbic_TempPole_1,7Networks_RH_Cont_Par_1,7Networks_RH_Cont_Par_2,7Networks_RH_Cont_PFCl_1,7Networks_RH_Cont_PFCl_2,7Networks_RH_Cont_PFCl_3,7Networks_RH_Cont_PFCl_4,7Networks_RH_Cont_Cing_1,7Networks_RH_Cont_PFCmp_1,7Networks_RH_Cont_pCun_1,7Networks_RH_Default_Par_1,7Networks_RH_Default_Temp_1,7Networks_RH_Default_Temp_2,7Networks_RH_Default_Temp_3,7Networks_RH_Default_PFCv_1,7Networks_RH_Default_PFCv_2,7Networks_RH_Default_PFCdPFCm_1,7Networks_RH_Default_PFCdPFCm_2,7Networks_RH_Default_PFCdPFCm_3,7Networks_RH_Default_pCunPCC_1,7Networks_RH_Default_pCunPCC_2
7Networks_LH_Vis_1,0.0,49.728400422154,28.1516659456434,92.1138281990861,89.0079590226345,38.1462119742667,76.4012466840992,91.4629411668976,86.025646989363,137.710510772409,139.544342041016,172.871422661675,148.961906433105,148.089000701904,144.640721489401,36.1156756288212,131.44654083252,103.672715740439,0.0,125.03621673584,146.37336730957,177.647181193034,162.838348388672,147.740158081055,131.077149060308,167.336308797201,178.405113220215,131.435136661973,125.594596862793,148.56120300293,136.003080414563,41.0919002976963,82.2935656499645,126.426239013672,177.995469313401,79.6520237731934,76.0656230760657,123.117857089941,139.322265625,136.626048278809,106.93325340271,138.815387180873,162.63078435262,158.572173609878,159.281789837462,168.356154008345,161.495864868164,166.884521484375,43.7864897190343,71.9353002515332,141.77513885498,155.81259059906,179.785579681396,180.647349090576,146.427809495192,141.277769724528,176.809339396159,173.379072356642,181.273178100586,0.0,0.0,0.0,0.0,0.0,0.0,155.439667743185,171.53791809082,0.0,0.0,168.744160970052,161.008964538574,0.0,0.0,0.0,0.0,184.596450805664,127.424956003825,187.334899902344,198.696726018732,182.951960245768,149.534957885742,162.02248840332,209.076499938965,0.0,0.0,0.0,103.871463775635,185.953498840332,154.445864041646,0.0,191.918009440104,199.892593383789,176.314624786377,0.0,0.0,202.389056486242,210.528381347656,177.785530090332,138.310571090035,141.492387390137
7Networks_LH_Vis_2,49.728400422154,0.0,27.215736178778,31.0829433743826,24.4727731564302,58.5482012990843,68.1664906871701,63.2504246485128,78.8020410819396,146.162801320929,169.824694315592,194.671325683594,188.140464782715,190.305188496908,199.718922932943,35.166852513456,180.450505574544,128.433946081308,112.775466918945,183.274785041809,179.705810546875,201.387294769287,196.37785949707,177.779858398438,114.694819735242,169.397136394794,187.129915677584,195.708554585775,0.0,204.499561982996,163.469424322706,113.086817396977,104.930837841111,171.009316338433,193.835550256678,133.565718910911,144.623611781908,124.114898090001,136.550930350167,157.738275427567,151.270636347721,155.44663749901,177.084709415879,183.344777632733,180.837886374835,194.928739538858,189.781846826727,192.920608520508,98.7943575541178,150.313177744548,177.254476373846,177.702301025391,184.112155151367,176.609608418233,147.164190905435,154.857795796496,177.934979756673,173.855147531746,197.856541026722,0.0,0.0,0.0,0.0,0.0,0.0,0.0,177.286447252546,0.0,0.0,177.23615345202,207.665008544922,0.0,0.0,178.706890869141,0.0,196.501495361328,0.0,208.528656005859,210.717942671342,204.046041554418,190.412002563477,178.33069904034,230.438362121582,0.0,215.353736877441,0.0,157.401502990723,212.3828125,168.515464782715,169.412216186523,203.464929199219,210.594346479936,195.956818389893,213.18132019043,0.0,220.23299734933,229.486981391907,0.0,142.622292725936,168.446025848389
7Networks_LH_Vis_3,28.1516659456434,27.215736178778,0.0,76.3676821934549,25.0725695346279,24.0295403183993,76.9671369067693,76.1529211680094,58.9295758017879,148.074460744858,142.251895904541,186.502658843994,180.758907318115,173.388259887695,161.448656717936,51.758571542054,121.15453338623,117.042584228516,0.0,167.616835594177,166.488088226318,199.411931818182,187.951832362584,170.593659140847,118.192341102561,163.309312608507,175.634280556127,167.670333862305,0.0,188.884002685547,150.62771127457,94.4335459173856,99.2494686896648,157.618560791016,187.38748386928,99.4414623805455,116.990350341797,117.267043324328,141.180103193011,153.358653728779,140.866222540538,144.106644129644,166.206089191048,168.221025528446,168.84620641893,185.516908569336,185.472028459821,179.671562194824,55.7560530170318,98.3570240765083,148.253233938506,153.597315470378,179.033218383789,173.726338733326,63.8357706675521,137.582473436991,175.384707450867,166.923480987549,191.656715393066,0.0,0.0,0.0,0.0,0.0,0.0,0.0,173.113648308648,0.0,0.0,178.071878342401,196.362869262695,0.0,0.0,0.0,0.0,186.869979858398,0.0,129.14045715332,201.678075154622,182.653972625732,0.0,170.906814575195,217.889198303223,0.0,0.0,0.0,132.723999023438,189.989448547363,166.536293323223,0.0,194.328289031982,203.724329630534,185.478591918945,0.0,0.0,208.183917999268,219.370315551758,0.0,137.247128153956,164.744634628296
7Networks_LH_Vis_4,92.1138281990861,31.0829433743826,76.3676821934549,0.0,23.7382167737313,72.2177025841885,33.301480156792,35.6231474863605,78.1789035892966,140.672569102811,172.043256759644,198.425653076172,192.962563650949,195.161131914924,202.614753723145,42.0992961414817,181.26643371582,137.11854409734,115.321975708008,184.126955436938,187.424861363002,204.845824297737,201.541712443034,180.801185754629,116.740093537491,177.389644320049,194.563458862305,202.481063842773,0.0,208.979700724284,177.691438222703,135.462824066753,115.974609189133,175.552551681931,201.19457244873,125.686672210693,121.547725132533,131.939761727491,130.576690673828,155.041359710693,159.891247623651,168.335875611868,188.160624154006,196.215223524306,192.908187954925,202.638029575348,192.380575815837,195.293680826823,94.7209026787871,154.000946436173,189.90594069163,185.587914068049,184.927662658691,178.65335507106,173.205429077148,159.003780951867,175.456940958323,172.223422214124,201.301007357511,0.0,0.0,0.0,0.0,0.0,0.0,184.136845906576,176.351044464111,0.0,133.548675537109,172.190234606779,202.035566631116,0.0,0.0,190.646105957031,175.779602050781,197.494787597656,0.0,207.992467244466,221.925830616671,212.698256026867,198.937641398112,174.551782836914,231.605490112305,0.0,0.0,0.0,147.846654256185,213.088705062866,158.308426103436,182.167879740397,204.70411157608,214.22214744831,200.579895019531,227.206083679199,0.0,224.760703809334,231.793750762939,0.0,137.135966701784,155.479796194261
7Networks_LH_Vis_5,89.0079590226345,24.4727731564302,25.0725695346279,23.7382167737313,0.0,32.2924349565914,112.055502239027,30.0112989342118,24.9669162355134,141.293588638306,170.002443313599,199.023425632053,192.612400054932,198.264200846354,204.592559814453,100.258814960107,171.964691162109,152.884601850767,0.0,190.123845418294,190.66983795166,207.49066452753,203.497377183702,181.532329740978,118.456062006757,177.463647388277,193.965825822618,197.841168212891,0.0,209.304257710775,174.179312972593,132.594653272876,117.00438653354,177.152646464686,200.354469299316,126.645626935092,124.746915054321,132.33376162308,135.064619534258,158.079413694494,169.425563407344,166.08543758705,185.999444188298,192.393877549605,190.205044555664,202.423879790724,198.14510345459,198.608276367188,83.7187754950927,147.240250677811,177.360201941596,158.499205377367,180.430397687639,155.679863540472,87.8925480310508,149.229912381944,171.644335312782,161.850112883025,199.715708805965,0.0,0.0,0.0,0.0,0.0,0.0,0.0,177.017216401942,0.0,0.0,170.289663809317,199.840826595531,0.0,0.0,190.560787200928,173.629577636719,194.451300187544,0.0,206.787389119466,213.733764648438,201.811139707212,189.57585144043,176.679798419659,224.811402638753,0.0,0.0,0.0,148.53401184082,210.534809112549,155.686038757944,182.569625854492,197.361893148983,205.581622783954,198.948257446289,217.831400553385,0.0,223.800847833807,229.964324951172,0.0,132.832575375272,154.303853002088
7Networks_LH_Vis_6,38.1462119742667,58.5482012990843,24.0295403183993,72.2177025841885,32.2924349565914,0.0,110.930911744122,58.2744930029548,25.7866940141142,125.638710021973,110.681941986084,173.97082901001,145.74040222168,164.705703735352,132.515858968099,98.5280888830865,0.0,90.5160619801488,0.0,118.007858276367,160.177868652344,186.595031738281,178.968677520752,143.176240921021,122.23426062111,166.249267578125,179.042171478271,112.793025521671,125.610443115234,127.100395202637,165.072727002596,99.8014660822847,116.667280292511,121.186204092843,186.034711201986,56.3500204801925,56.7510419721189,132.451225357826,135.904604265767,142.205065046038,135.332602310181,159.769129011366,178.884629930769,149.478246307373,182.049916813883,156.942471703818,179.66276550293,170.275512695312,23.5545155893391,56.5016009599993,146.740850742047,142.63391977946,164.711668375376,153.551900055449,69.7929649943799,112.525087189931,154.091459441603,138.074749220308,176.723373413086,0.0,0.0,0.0,0.0,0.0,107.847564697266,135.673341064453,161.806078275045,0.0,109.972198486328,148.537243192158,142.400787898472,0.0,0.0,159.506614685059,128.511779785156,182.12562306722,110.627906799316,169.93052482605,208.500935872396,181.577453844475,148.685737609863,153.110211181641,218.949600219727,0.0,188.25114440918,163.302917480469,90.5653146107991,177.147863115583,130.867736259203,138.921038309733,187.653210110135,196.80869193699,182.360646565755,206.701152801514,179.302719116211,207.454564874822,203.035878499349,172.506352742513,107.125200471989,121.960548188951
7Networks_LH_Vis_7,76.4012466840992,68.1664906871701,76.9671369067693,33.301480156792,112.055502239027,110.930911744122,0.0,37.1998425250002,79.9468922695871,115.967755473133,132.379531860352,143.816750526428,115.871797784846,115.153247329424,148.101067013211,39.5097731968674,115.011242174122,62.6641138829626,103.057390213013,126.29236630781,115.638353046618,134.991338890017,133.665367603302,113.588423601786,105.819018069609,156.024345397949,165.436587524414,179.137290367713,139.553344726562,158.235202789307,163.986428768077,112.743852177106,88.0886626295125,92.1576487989311,152.923142092071,97.5218247252625,110.534412384033,114.979973773902,98.8299790841562,33.1182313957298,42.0547123856553,154.365913554935,169.417861505603,182.018563842773,178.140853881836,182.271513875326,129.478486999752,146.790997779975,97.148713185237,123.400606536865,180.193379720052,179.468372344971,178.036869929387,180.009670373165,172.678478240967,158.886520385742,172.337029090294,169.203909858156,184.895583412864,0.0,0.0,0.0,0.0,0.0,158.085998535156,181.661973624394,169.769165039062,0.0,149.13737487793,166.091168852775,172.605689825014,193.992797851562,183.960830688477,172.129669189453,159.81608581543,191.330448913574,157.801089286804,186.690239439619,210.746772766113,202.448440551758,168.222534179688,167.726364135742,224.951128446139,0.0,206.294565836589,193.267318725586,133.504844665527,194.894520350865,155.826055068004,162.273941040039,193.426920572917,198.367504882813,185.986328125,206.14079284668,0.0,216.423203901811,212.531362533569,197.783081054688,136.034858986183,150.820380048054
7Networks_LH_Vis_8,91.4629411668976,63.2504246485128,76.1529211680094,35.6231474863605,30.0112989342118,58.2744930029548,37.1998425250002,0.0,31.3144044176842,117.1246353184,136.753576131967,170.368138722011,154.447353680929,144.430560407967,158.038862054998,66.7297338293813,152.663316345215,38.9831118612453,125.03633578988,115.196781656016,128.437400817871,175.443527915261,151.150589554398,147.43041466607,110.798499511319,175.344597167969,179.170522689819,187.783673967634,153.607406616211,170.548018773397,178.658452026367,133.966026014377,114.854999642185,86.0300759286371,180.015778859456,73.6743656252161,95.7888884367766,126.390913544433,115.718777306553,124.238273216696,70.8088927875639,168.033873871937,187.874246741985,195.574129301926,193.438586520166,197.561497723615,149.526904907227,156.70767048427,71.3846079884666,107.190569519366,183.988309587751,182.212205557988,179.334244706249,173.551265398072,165.207964711845,150.186494225487,167.960107316186,163.249508906684,190.806306318803,156.077346801758,0.0,0.0,0.0,163.471313476562,177.656323750814,182.06199798584,170.168088223072,0.0,170.489356994629,162.038611800582,175.217847936294,201.08959197998,191.369316101074,186.358553205218,184.244190216064,192.808957831804,165.340673747816,194.376108342951,226.712860107422,207.79298716578,182.752002716064,169.890287399292,234.402008056641,0.0,213.866653442383,203.161842346191,131.399760634811,198.850073242188,147.099158074738,179.790998458862,198.764319342536,205.984361877441,194.024162902832,225.38490041097,222.038500976562,221.3984375,220.243342808315,204.10797797309,126.487467991823,141.520381600516
7Networks_LH_Vis_9,86.025646989363,78.8020410819396,58.9295758017879,78.1789035892966,24.9669162355134,25.7866940141142,79.9468922695871,31.3144044176842,0.0,117.991502380371,134.805696186266,171.647416548295,164.749565124512,159.932404836019,161.26817779541,96.9567272307107,150.412086486816,47.8822400552396,111.956065251277,105.664246024155,140.712335025563,184.63009346856,160.461201667786,145.253125871931,115.592797966891,182.034857008192,189.386884689331,163.8603515625,122.251218795776,168.010677761502,185.647578716278,134.591421971867,125.33893481596,84.932468145666,190.480514526367,34.1749946830995,81.9470719814301,133.420384334838,121.388134787269,131.63237462725,103.2499627074,175.583999309134,194.599735444168,197.558605194092,200.330684724401,201.281227111816,162.596727916173,158.695550478422,43.4811646429948,77.7472993731499,175.419359538866,172.576971478597,172.897691345215,166.953817647052,137.149622849161,140.087716950015,161.122020876276,151.709722493256,186.341244010038,137.811889648438,0.0,0.0,0.0,0.0,163.21590423584,175.616957528251,163.716624764835,0.0,160.817059834798,153.778356363845,169.666477427763,191.8935546875,184.903869628906,182.388280001554,178.566089248657,188.177497170188,150.676254272461,192.270690917969,225.261683146159,200.643922362665,176.672785832332,161.524222447322,231.440729777018,0.0,0.0,195.78929901123,118.654293741499,194.063995361328,137.501541171011,168.100856018066,194.656195975639,203.568660736084,190.719675176284,220.30534029007,211.788899739583,217.825771755642,214.104286193848,187.203776041667,118.03979285624,131.699534197262
7Networks_LH_SomMot_1,137.710510772409,146.162801320929,148.074460744858,140.672569102811,141.293588638306,125.638710021973,115.967755473133,117.1246353184,117.991502380371,0.0,30.1347006993421,54.5155963515109,118.013372020957,126.107143577086,123.79827084095,127.130764234934,90.5787576834361,102.100721198545,111.570666673448,104.084773042776,99.720304771545,112.095359622831,147.79794052124,43.7921060588118,43.6893602266974,102.64019178663,161.2959071039,159.297137173739,113.272589463454,156.133343464619,175.444226582845,133.002119303715,123.895509084066,101.64657485952,138.797457068858,105.813555196028,92.7522304301359,45.3154612257336,42.5389758865183,40.8747188080302,95.5958950784842,134.805047336041,127.08471206665,184.24919128418,173.247320265997,160.522330337916,154.920460739136,157.920220224481,102.379836575297,102.565852982657,191.443841934204,202.777996063232,188.755717807346,203.042840957642,198.003550211589,173.903381347656,187.10561319987,190.195767815738,172.430612860786,157.376197814941,172.604557037354,163.534851074219,167.192537943522,163.026583704455,147.547517140706,156.501755755881,179.562121436709,149.211532592773,152.546203613281,166.105638843373,151.717469890127,196.706520080566,189.404756818499,170.344812665667,157.199908134265,181.564031427557,138.882703885165,191.576304781264,194.519905090332,210.076930046082,156.832454681396,170.644554138184,206.611358642578,195.148773193359,194.551300048828,195.132049560547,115.8885679245,188.671826171875,154.492386427082,162.632726669312,191.090563297272,196.291625976562,179.77409362793,211.678512573242,201.702270507812,203.298599243164,201.738925709444,194.345520019531,149.22785459246,144.179751360858
7Networks_LH_SomMot_2,139.544342041016,169.824694315592,142.251895904541,172.043256759644,170.002443313599,110.681941986084,132.379531860352,136.753576131967,134.805696186266,30.1347006993421,0.0,26.5480837331138,72.1384718277875,80.5223920775623,89.2770032264267,131.702653169632,64.2370377453891,93.4743213218097,79.0665003095354,96.8284656770768,81.0121712081734,88.6922918887849,111.074924087524,54.2997064407446,31.1915667170104,37.1786506870846,132.305055805281,125.180287043254,91.9692437913683,122.404119703505,143.609323774065,123.10112953186,119.255881208055,96.7823131879171,128.690654081457,110.560184054905,87.8857672214508,95.8346446592416,89.168852629485,89.1828448583209,106.711513913062,96.0337318844265,108.160783505221,0.0,144.200954437256,131.876343331686,127.432944046824,125.608933342828,105.721759251186,103.640981967633,0.0,0.0,0.0,0.0,0.0,0.0,0.0,161.989219665527,158.642143249512,0.0,0.0,0.0,0.0,118.219961547852,136.003433227539,143.188380347358,0.0,0.0,114.242134094238,164.59440612793,149.365803438074,166.32664680481,153.855995178223,127.295244852702,134.46356048584,154.224990844727,128.288387298584,163.927529144287,0.0,0.0,146.852359008789,143.52522277832,0.0,0.0,131.77991104126,156.316078186035,105.495414733887,153.43716261122,151.156034133014,0.0,160.84797668457,0.0,153.241897583008,0.0,0.0,139.606414794922,177.311897277832,162.591491699219,114.446083068848,138.943844042326
7Networks_LH_SomMot_3,172.871422661675,194.671325683594,186.502658843994,198.425653076172,199.023425632053,173.97082901001,143.816750526428,170.368138722011,171.647416548295,54.5155963515109,26.5480837331138,0.0,32.6535691329834,88.7431013523244,98.3785956812995,135.424108010751,41.4771568188166,122.171101126701,79.8936936855316,124.219688304956,106.054404474074,44.7263135376155,92.7504747541327,44.4990450984227,62.5760151612367,39.2187983694453,135.958430838078,116.860152350532,113.97967004776,93.4210729853086,177.869337717692,146.556756507026,126.20690321034,89.753256649166,125.639433663171,142.52344827091,102.186015816622,127.110487602126,107.287289341469,102.087536591393,113.611699309365,103.660542404892,109.489954987927,163.070877075195,156.099515914917,130.884000953721,118.855099401741,119.752752369848,147.253841400146,137.133568788186,0.0,0.0,175.048294067383,0.0,0.0,0.0,151.421295166016,185.535537719727,170.879566865809,108.701034545898,153.731380462646,143.63139295578,137.116859436035,151.151306152344,150.011323451996,144.529025342091,180.677988688151,138.071606445313,157.986003451877,179.763841417101,161.121913068435,155.190859985352,143.212788301356,168.474435424805,155.85529763358,170.576864242554,136.951290607452,137.887781544736,0.0,175.323332353072,166.743244171143,181.491505940755,185.685817173549,179.228942871094,178.788749694824,153.06485924354,113.093997531467,143.165732416613,165.360961033748,167.490739822388,194.588310241699,173.094055175781,173.792996406555,0.0,178.076080322266,179.90687306722,173.943488464355,160.234180908203,149.023056030273,158.709911891392
7Networks_LH_SomMot_4,148.961906433105,188.140464782715,180.758907318115,192.962563650949,192.612400054932,145.74040222168,115.871797784846,154.447353680929,164.749565124512,118.013372020957,72.1384718277875,32.6535691329834,0.0,45.3551364281905,88.5548286402846,118.492135940843,40.4494113026191,105.713348708655,67.6933837130394,130.530186410678,98.4966043401811,37.6828926006026,60.20662351117,80.799990686877,87.9853615824381,89.8940995999468,136.401567247179,119.254933039347,121.603923797607,92.933556863536,194.984133206881,158.313895064793,126.462291448257,83.9008128977641,109.582233040196,142.491054534912,92.5660903930664,154.382052612305,122.590909770891,111.728642108569,99.7364603663903,132.441008431571,127.843767691947,140.665817260742,167.133912791377,142.348134943869,79.1105028735586,120.146269035339,135.680541992188,140.196681303137,0.0,0.0,177.807553100586,0.0,0.0,0.0,153.313507080078,167.645660400391,177.763961791992,0.0,142.429946899414,131.630169169108,120.679057986237,133.914482116699,155.497062683105,124.214228124662,177.505264282227,140.811003112793,166.824310302734,181.889930725098,164.591790032141,134.594305674235,124.273094589646,161.094856262207,159.793446858724,161.934112548828,127.130587038787,122.547644100512,0.0,0.0,174.466415405273,177.875152587891,162.255554199219,168.681155395508,173.694839477539,143.626756940569,105.614644765854,128.144241333008,169.299256025042,164.894874572754,193.638259887695,0.0,177.773412068685,0.0,164.627426147461,144.846692403158,169.376170802761,157.163674163818,134.056091308594,163.308819770813
7Networks_LH_SomMot_5,148.089000701904,190.305188496908,173.388259887695,195.161131914924,198.264200846354,164.705703735352,115.153247329424,144.430560407967,159.932404836019,126.107143577086,80.5223920775623,88.7431013523244,45.3551364281905,0.0,41.7821984217472,125.730674668671,50.1642559465522,84.9650324700584,31.9332937902734,128.933484155991,45.8810763046354,80.7810340445024,43.9885353866772,98.7729503913004,86.9939075826484,101.344803532735,122.109819594131,139.214730696245,126.541939871652,104.577785136501,181.96657816569,159.942689834103,151.069599333264,81.2793339320591,116.532022379212,148.061940119817,99.4493374824524,166.086903381348,152.727721155906,132.58960275089,95.0336423784683,124.71125573627,123.862675796976,170.538604736328,151.707162602742,138.724910561365,78.918579619207,88.9131191599244,162.632888793945,162.812571207682,0.0,0.0,187.470624106271,0.0,0.0,0.0,168.497953796387,171.384190877279,162.537522125244,133.968218485514,150.262624104818,134.137383597238,122.72214906112,132.412698136999,143.524207221137,123.53301551965,181.87219456264,138.653788566589,156.717712402344,169.063374519348,149.852283893245,142.189002706985,129.397835259689,163.39762878418,144.727970123291,169.273459939396,119.782753603525,130.684271133066,0.0,194.786778767904,160.826841081892,178.287674753289,200.753500366211,188.42744784885,186.876309712728,155.92749786377,104.000757390803,154.247802225749,151.012689548069,172.051288604736,188.249794006348,179.750427246094,171.340474446615,0.0,187.842446221246,196.123524983724,177.271569115775,165.73376134924,137.370639801025,148.583755493164
7Networks_LH_SomMot_6,144.640721489401,199.718922932943,161.448656717936,202.614753723145,204.592559814453,132.515858968099,148.101067013211,158.038862054998,161.26817779541,123.79827084095,89.2770032264267,98.3785956812995,88.5548286402846,41.7821984217472,0.0,162.492803729948,89.6042361215874,91.5205107817779,88.3830719229616,74.9909937982974,39.1595197561119,101.014518451168,45.4196531083056,104.869568644116,95.4670434093749,109.531579700721,134.383442674364,36.0628625033046,29.3265047512707,40.667584993137,160.435670580183,168.301033655802,173.372720429392,108.904584572796,128.770449076908,116.439906984217,44.139146737109,172.281772403927,161.60931486242,156.811037981952,122.559263206931,131.850729007914,129.95962718512,125.556483268738,158.609941270616,124.472355968921,105.959495362781,107.320659044627,112.916993674585,80.9739646372441,171.100899832589,186.348373413086,188.054430643717,204.858535766602,0.0,132.970320961692,177.581680884728,182.477611541748,152.898286550323,142.429024114841,143.735013094815,130.38220659379,114.54786256108,126.313498475845,136.848875478536,111.676189372684,176.768111546834,137.989950594695,156.686589942788,160.196384429932,136.054216304767,129.442687619489,116.687956308959,165.441740247938,141.366603369462,157.000477865694,103.622002381901,107.032819044321,200.734815809462,201.469327926636,153.083873832927,171.551434220939,198.931422551473,178.898206922743,176.869538201226,141.461795549301,76.2447254051909,102.481265427884,130.275387801133,173.055690002441,184.735267944336,188.37739461263,170.258827100481,192.690350619229,181.285363515218,184.676164415148,155.299549426673,149.573350741169,131.040165901184,127.863304568009
7Networks_LH_DorsAttn_Post_1,36.1156756288212,35.166852513456,51.758571542054,42.0992961414817,100.258814960107,98.5280888830865,39.5097731968674,66.7297338293813,96.9567272307107,127.130764234934,131.702653169632,135.424108010751,118.492135940843,125.730674668671,162.492803729948,0.0,116.759267171224,93.4562769368391,115.851562239166,127.592609897737,127.534180431831,131.697703737497,141.735080853875,102.857704699039,123.487270573623,148.081029517628,171.113203430176,176.160614013672,169.351846967425,158.959108674556,155.731196031732,66.4083383805012,35.7066396629192,105.435598220089,150.120104306058,107.484867389386,104.845161982945,122.451557823765,100.841830658486,48.1221502745539,69.8445344714166,154.23048196712,162.040207464484,177.444121727577,178.423791259527,180.823433653949,133.930480289459,156.833057163994,101.673624291884,115.553767020242,184.956253051758,187.377421452449,181.261970226581,182.810214656414,176.15221378721,163.247585911905,176.929683928794,174.696982081343,186.411645762126,0.0,174.863250732422,171.685081481934,178.889236450195,188.300109863281,174.125307718913,190.043169888583,176.412707010905,0.0,165.138008117676,165.519165963838,170.510731671308,203.947330474854,195.837315877279,178.840627034505,178.762461344401,191.661196754092,171.678077697754,192.919336242676,212.441795349121,206.947053091867,174.027356661283,169.165757399339,227.386138916016,215.942916870117,214.502035776774,203.939586932843,131.957086314326,200.206506347656,155.055303867047,167.788816452026,194.976288568406,203.13268737793,188.369086525657,217.743854522705,219.743292672294,213.971801757812,213.155322604709,205.241154988607,141.685699462891,147.69561093263
7Networks_LH_DorsAttn_Post_2,131.44654083252,180.450505574544,121.15453338623,181.26643371582,171.964691162109,0.0,115.011242174122,152.663316345215,150.412086486816,90.5787576834361,64.2370377453891,41.4771568188166,40.4494113026191,50.1642559465522,89.6042361215874,116.759267171224,0.0,73.516723031867,34.695997799572,103.506145386469,76.9385908325586,81.6150219657204,116.332137260437,31.5803549202486,91.9774932750757,86.3840568835919,153.532203674316,146.067068481445,96.6254057450728,138.369628537086,174.462047777678,153.369084444913,120.137895043691,45.0537677982633,129.279794565837,124.970534691444,85.5586086029702,137.371392845211,110.213053022112,98.6207528585916,87.9443455555993,137.691095624651,125.802060502299,0.0,175.588830130441,157.937367757161,110.130862943588,138.597658597506,111.017532348633,116.795330394398,0.0,0.0,0.0,0.0,0.0,0.0,0.0,0.0,155.097407023112,125.060485839844,146.227384127103,138.747460501535,134.604236178928,140.366099039714,138.375051325018,140.707242348478,149.268301391602,132.572958374023,139.535319010417,158.836720466614,144.288187109906,178.111553955078,170.590523214901,146.593441772461,140.70442199707,165.958590916225,123.812792778015,172.780975341797,0.0,0.0,146.627487182617,161.434590657552,0.0,0.0,0.0,173.701817830404,100.414059956868,171.539559936523,142.938220024109,133.022089640299,174.243732452393,159.750915527344,159.062234061105,0.0,0.0,0.0,193.906112670898,173.671493530273,113.660186767578,134.93760572161
7Networks_LH_DorsAttn_Post_3,103.672715740439,128.433946081308,117.042584228516,137.11854409734,152.884601850767,90.5160619801488,62.6641138829626,38.9831118612453,47.8822400552396,102.100721198545,93.4743213218097,122.171101126701,105.713348708655,84.9650324700584,91.5205107817779,93.4562769368391,73.516723031867,0.0,39.9425567020911,37.0332851820816,34.6989235481343,132.565316812316,109.047278304542,93.451972517047,104.857168851912,149.178770290277,156.641397094727,140.32863944685,104.19902243981,118.967142289685,181.403700086806,140.893138612429,120.083169112334,41.3812473876876,156.788474682941,45.2476625252795,80.2001610430549,127.316413797154,115.081870877365,114.267623349845,60.1410521817137,169.073326655797,174.41523447524,181.186518351237,189.526787362448,166.544551134109,125.186291377775,129.913548423089,71.5168353984065,90.138083944417,177.200668334961,186.135930175781,172.984108526588,175.384708566869,171.142462219855,147.465682135688,164.65221125739,160.15037578374,164.222121188515,167.336456298828,182.829772949219,177.782737731934,169.409754435221,167.859069824219,149.497127186168,155.661699083116,165.379124604454,158.187643141974,145.857315456166,147.085113399215,142.12698721487,188.906288595761,176.043206532796,158.803617986043,155.270973621715,173.163369831286,134.618608347575,173.96426264445,222.240010579427,197.146674390109,146.239083456337,152.855620726374,231.902028401693,210.083491932262,208.803127288818,191.321738891602,108.4835369428,186.166574266222,135.437695914774,148.274650261416,179.674270861077,186.559287177192,168.987723701879,214.810015869141,218.320099774529,216.375682830811,202.717996150889,194.255676269531,123.425694877719,124.564804155533
7Networks_LH_DorsAttn_Post_4,0.0,112.775466918945,0.0,115.321975708008,0.0,0.0,103.057390213013,125.03633578988,111.956065251277,111.570666673448,79.0665003095354,79.8936936855316,67.6933837130394,31.9332937902734,88.3830719229616,115.851562239166,34.695997799572,39.9425567020911,0.0,117.166803042094,34.1948987816001,88.5116408768521,93.3818207790977,70.0614675738947,94.2311358451843,104.873988101357,142.033590044294,127.336669921875,96.0942454338074,139.573731486003,0.0,158.613526564378,138.851692199707,39.3748386762159,123.439477340035,127.675226484026,80.6433970133464,150.97165145874,133.514486833052,116.215375423431,80.7092463148343,141.90705871582,135.093257800953,0.0,165.409248352051,156.128980000814,96.0897031784058,120.466616312663,0.0,116.213910944322,0.0,0.0,0.0,0.0,0.0,0.0,0.0,0.0,143.072557067871,0.0,0.0,0.0,0.0,130.572907341851,130.595694817437,142.256273905436,0.0,119.901120503743,118.226806640625,154.47048441569,142.373101904037,163.052658081055,159.980072021484,0.0,131.084596521714,150.281036376953,120.194907294379,167.989630017962,0.0,0.0,133.661348978678,0.0,0.0,0.0,0.0,153.388275146484,94.3631887435913,160.032028198242,141.218321228027,0.0,150.131938510471,0.0,136.104217529297,0.0,0.0,0.0,182.419479370117,157.975769042969,0.0,124.772452005526
7Networks_LH_DorsAttn_Post_5,125.03621673584,183.274785041809,167.616835594177,184.126955436938,190.123845418294,118.007858276367,126.29236630781,115.196781656016,105.664246024155,104.084773042776,96.8284656770768,124.219688304956,130.530186410678,128.933484155991,74.9909937982974,127.592609897737,103.506145386469,37.0332851820816,117.166803042094,0.0,31.7854400064684,137.109845679147,102.983898842171,95.892517563425,108.803075697816,143.747534477848,151.378860965852,97.2317553950291,31.6448618375938,95.0137183882694,172.691399207482,151.334494794001,130.378138703185,84.4468551008669,158.378513817026,34.6638442872028,58.4584026937936,134.394337968128,120.16184342711,118.238016334597,94.9951916866776,172.142543368869,164.269979827258,141.14066431762,179.237851899246,136.388976625745,142.478819613987,128.534623040093,91.093987038465,29.8391140000929,166.88503036499,206.568966674805,171.712882632301,204.577545166016,198.636468069894,133.499108748002,170.005953539599,169.091682434082,151.233939121791,153.600476865415,171.692661158244,161.335207327818,155.349638938904,149.834518157684,132.922339443485,134.445345837137,165.027259658612,144.379433270797,139.700354590783,138.749548210669,128.315000035398,179.073216386275,162.52715224114,151.016194685115,141.715850973129,164.855778208319,115.744651832966,155.109797493154,215.311256408691,190.14123323002,136.590579145537,150.065750175798,222.283138020833,205.01347767223,200.296926710341,179.07516009991,88.2046696526664,163.446922348767,122.289385010177,143.836284248196,170.49262380889,175.9065664191,157.89883726581,210.807838038394,209.226504189628,203.157844992245,188.892544953719,179.800251130135,118.761642411176,112.844872011413
7Networks_LH_DorsAttn_Post_6,146.37336730957,179.705810546875,166.488088226318,187.424861363002,190.66983795166,160.177868652344,115.638353046618,128.437400817871,140.712335025563,99.720304771545,81.0121712081734,106.054404474074,98.4966043401811,45.8810763046354,39.1595197561119,127.534180431831,76.9385908325586,34.6989235481343,34.1948987816001,31.7854400064684,0.0,118.700413777509,85.9534114539623,87.6064856418226,94.537717341961,125.387773241316,144.134348678589,111.298407418387,37.0284886031182,88.1555990105245,185.642791748047,159.61395141858,140.723116980659,68.8064466815369,143.230878702799,115.689939386704,72.4763409321702,141.254224341685,126.428821987576,124.778763196483,88.427919304602,153.547601928711,148.178679572211,151.946559361049,176.160624186198,140.328795673178,111.179747434007,115.259505124159,151.542059580485,139.238925218582,172.990559895833,206.322039794922,175.910040212232,213.116134643555,194.524234771729,138.215179443359,175.264786402384,183.904000359613,151.277647797173,148.318594614665,167.668622185202,159.374688744545,152.997998657227,148.593215545019,134.272287810213,137.737367650577,170.158314387004,142.981736642343,142.928287465949,148.037238337058,133.814678524574,175.617637783873,160.51909223284,154.363206086335,141.910336425781,168.047220191177,119.642030381423,156.824388253743,211.969250149197,194.309417724609,140.012721135066,159.689971692634,217.69352722168,204.682952880859,201.617095947266,175.146795385024,97.7963871494416,166.010387327613,128.420810567364,150.531996409098,173.936322858257,178.242932936724,160.775131225586,209.567321777344,207.320896148682,203.403686523438,190.362548828125,181.214839228877,128.546678957732,120.204990471734
7Networks_LH_DorsAttn_PrCv_1,177.647181193034,201.387294769287,199.411931818182,204.845824297737,207.49066452753,186.595031738281,134.991338890017,175.443527915261,184.63009346856,112.095359622831,88.6922918887849,44.7263135376155,37.6828926006026,80.7810340445024,101.014518451168,131.697703737497,81.6150219657204,132.565316812316,88.5116408768521,137.109845679147,118.700413777509,0.0,67.2674314439075,97.6760766178729,95.2891725260973,41.4181244221587,104.354245696893,92.8822940751618,121.27953359243,82.9351079899304,197.915865505443,166.981425522158,133.989869938621,99.1045007372843,47.2282847587905,157.482332865397,123.030747166386,152.320804563814,125.500223534364,120.058138140857,119.972383188744,122.150984446208,50.5115067864817,175.258464050293,134.606352079899,92.8205002316972,41.9228736366866,81.8251371060885,152.928682663861,145.582159042358,0.0,0.0,203.371526082357,0.0,0.0,160.339294433594,188.552731323242,199.010713195801,196.564208984375,151.44753519694,149.035882949829,142.909441630046,130.085192473038,149.429231643677,173.390295410156,133.667854538639,192.763451470269,166.358291625977,179.641955727025,191.266478538513,179.079375751202,139.362713583155,126.787567781598,192.805015563965,183.503340948196,153.673883334073,146.302589416504,121.578773993068,175.223519325256,214.235508311879,187.149733543396,188.316660811261,182.344456481934,167.091658630371,161.755288277903,134.218614664509,139.057800173759,122.05192678747,183.175619054724,186.670422363281,205.540321350098,204.903230939593,200.11393737793,0.0,168.517254384359,176.833555741744,146.486960279025,137.435186252259,176.669212341309,180.343244664809
7Networks_LH_DorsAttn_FEF_1,162.838348388672,196.37785949707,187.951832362584,201.541712443034,203.497377183702,178.968677520752,133.665367603302,151.150589554398,160.461201667786,147.79794052124,111.074924087524,92.7504747541327,60.20662351117,43.9885353866772,45.4196531083056,141.735080853875,116.332137260437,109.047278304542,93.3818207790977,102.983898842171,85.9534114539623,67.2674314439075,0.0,131.526960852312,91.5085241436388,87.8269938372691,94.7568826797681,122.385473808875,101.181046379937,44.9897037106456,188.398277282715,171.451733247014,156.852464731674,105.596909719614,100.35231694721,134.291395707564,121.792263617882,176.588969397166,155.635716535043,144.368410277785,116.678204056037,124.499695424283,106.177387887143,175.165710449219,127.986065864563,65.8748834808963,44.9326227739497,40.5904569954855,166.121307373047,155.593151092529,187.843482971191,0.0,195.281507492065,0.0,0.0,160.360063825335,187.240954081217,191.998542785645,188.499366760254,160.787490844727,139.678067888532,134.60216252944,120.125561456611,139.343049741259,162.889463316719,121.884280490179,186.356238016268,163.664257049561,171.913084920247,180.943033391779,165.507388127315,127.350893843408,117.551713258903,186.620062255859,178.472160339355,143.187647094727,129.770419789009,110.921804182782,179.021881103516,213.245635986328,175.870744832357,178.088257740162,183.866200215108,166.222937485267,162.239186180962,122.548796310923,129.116658740573,121.201882345635,168.998564921634,178.31154523577,198.785253351385,206.406635284424,194.478160095215,169.205429077148,166.19607480367,177.468063354492,138.0560624647,127.269905573642,166.49339893886,165.931549072266
