,7Networks_LH_Vis_1,7Networks_LH_Vis_2,7Networks_LH_Vis_3,7Networks_LH_Vis_4,7Networks_LH_Vis_5,7Networks_LH_Vis_6,7Networks_LH_Vis_7,7Networks_LH_Vis_8,7Networks_LH_Vis_9,7Networks_LH_Vis_10,7Networks_LH_Vis_11,7Networks_LH_Vis_12,7Networks_LH_Vis_13,7Networks_LH_Vis_14,7Networks_LH_SomMot_1,7Networks_LH_SomMot_2,7Networks_LH_SomMot_3,7Networks_LH_SomMot_4,7Networks_LH_SomMot_5,7Networks_LH_SomMot_6,7Networks_LH_SomMot_7,7Networks_LH_SomMot_8,7Networks_LH_SomMot_9,7Networks_LH_SomMot_10,7Networks_LH_SomMot_11,7Networks_LH_SomMot_12,7Networks_LH_SomMot_13,7Networks_LH_SomMot_14,7Networks_LH_SomMot_15,7Networks_LH_SomMot_16,7Networks_LH_DorsAttn_Post_1,7Networks_LH_DorsAttn_Post_2,7Networks_LH_DorsAttn_Post_3,7Networks_LH_DorsAttn_Post_4,7Networks_LH_DorsAttn_Post_5,7Networks_LH_DorsAttn_Post_6,7Networks_LH_DorsAttn_Post_7,7Networks_LH_DorsAttn_Post_8,7Networks_LH_DorsAttn_Post_9,7Networks_LH_DorsAttn_Post_10,7Networks_LH_DorsAttn_FEF_1,7Networks_LH_DorsAttn_FEF_2,7Networks_LH_DorsAttn_PrCv_1,7Networks_LH_SalVentAttn_ParOper_1,7Networks_LH_SalVentAttn_ParOper_2,7Networks_LH_SalVentAttn_ParOper_3,7Networks_LH_SalVentAttn_FrOperIns_1,7Networks_LH_SalVentAttn_FrOperIns_2,7Networks_LH_SalVentAttn_FrOperIns_3,7Networks_LH_SalVentAttn_FrOperIns_4,7Networks_LH_SalVentAttn_PFCl_1,7Networks_LH_SalVentAttn_Med_1,7Networks_LH_SalVentAttn_Med_2,7Networks_LH_SalVentAttn_Med_3,7Networks_LH_Limbic_OFC_1,7Networks_LH_Limbic_OFC_2,7Networks_LH_Limbic_TempPole_1,7Networks_LH_Limbic_TempPole_2,7Networks_LH_Limbic_TempPole_3,7Networks_LH_Limbic_TempPole_4,7Networks_LH_Cont_Par_1,7Networks_LH_Cont_Par_2,7Networks_LH_Cont_Par_3,7Networks_LH_Cont_Temp_1,7Networks_LH_Cont_OFC_1,7Networks_LH_Cont_PFCl_1,7Networks_LH_Cont_PFCl_2,7Networks_LH_Cont_PFCl_3,7Networks_LH_Cont_PFCl_4,7Networks_LH_Cont_PFCl_5,7Networks_LH_Cont_pCun_1,7Networks_LH_Cont_Cing_1,7Networks_LH_Cont_Cing_2,7Networks_LH_Default_Temp_1,7Networks_LH_Default_Temp_2,7Networks_LH_Default_Temp_3,7Networks_LH_Default_Temp_4,7Networks_LH_Default_Temp_5,7Networks_LH_Default_Par_1,7Networks_LH_Default_Par_2,7Networks_LH_Default_Par_3,7Networks_LH_Default_Par_4,7Networks_LH_Default_PFC_1,7Networks_LH_Default_PFC_2,7Networks_LH_Default_PFC_3,7Networks_LH_Default_PFC_4,7Networks_LH_Default_PFC_5,7Networks_LH_Default_PFC_6,7Networks_LH_Default_PFC_7,7Networks_LH_Default_PFC_8,7Networks_LH_Default_PFC_9,7Networks_LH_Default_PFC_10,7Networks_LH_Default_PFC_11,7Networks_LH_Default_PFC_12,7Networks_LH_Default_PFC_13,7Networks_LH_Default_pCunPCC_1,7Networks_LH_Default_pCunPCC_2,7Networks_LH_Default_pCunPCC_3,7Networks_LH_Default_pCunPCC_4,7Networks_LH_Default_PHC_1,7Networks_RH_Vis_1,7Networks_RH_Vis_2,7Networks_RH_Vis_3,7Networks_RH_Vis_4,7Networks_RH_Vis_5,7Networks_RH_Vis_6,7Networks_RH_Vis_7,7Networks_RH_Vis_8,7Networks_RH_Vis_9,7Networks_RH_Vis_10,7Networks_RH_Vis_11,7Networks_RH_Vis_12,7Networks_RH_Vis_13,7Networks_RH_Vis_14,7Networks_RH_Vis_15,7Networks_RH_SomMot_1,7Networks_RH_SomMot_2,7Networks_RH_SomMot_3,7Networks_RH_SomMot_4,7Networks_RH_SomMot_5,7Networks_RH_SomMot_6,7Networks_RH_SomMot_7,7Networks_RH_SomMot_8,7Networks_RH_SomMot_9,7Networks_RH_SomMot_10,7Networks_RH_SomMot_11,7Networks_RH_SomMot_12,7Networks_RH_SomMot_13,7Networks_RH_SomMot_14,7Networks_RH_SomMot_15,7Networks_RH_SomMot_16,7Networks_RH_SomMot_17,7Networks_RH_SomMot_18,7Networks_RH_SomMot_19,7Networks_RH_DorsAttn_Post_1,7Networks_RH_DorsAttn_Post_2,7Networks_RH_DorsAttn_Post_3,7Networks_RH_DorsAttn_Post_4,7Networks_RH_DorsAttn_Post_5,7Networks_RH_DorsAttn_Post_6,7Networks_RH_DorsAttn_Post_7,7Networks_RH_DorsAttn_Post_8,7Networks_RH_DorsAttn_Post_9,7Networks_RH_DorsAttn_Post_10,7Networks_RH_DorsAttn_FEF_1,7Networks_RH_DorsAttn_FEF_2,7Networks_RH_DorsAttn_PrCv_1,7Networks_RH_SalVentAttn_TempOccPar_1,7Networks_RH_SalVentAttn_TempOccPar_2,7Networks_RH_SalVentAttn_TempOccPar_3,7Networks_RH_SalVentAttn_PrC_1,7Networks_RH_SalVentAttn_FrOperIns_1,7Networks_RH_SalVentAttn_FrOperIns_2,7Networks_RH_SalVentAttn_FrOperIns_3,7Networks_RH_SalVentAttn_FrOperIns_4,7Networks_RH_SalVentAttn_Med_1,7Networks_RH_SalVentAttn_Med_2,7Networks_RH_SalVentAttn_Med_3,7Networks_RH_Limbic_OFC_1,7Networks_RH_Limbic_OFC_2,7Networks_RH_Limbic_OFC_3,7Networks_RH_Limbic_TempPole_1,7Networks_RH_Limbic_TempPole_2,7Networks_RH_Limbic_TempPole_3,7Networks_RH_Cont_Par_1,7Networks_RH_Cont_Par_2,7Networks_RH_Cont_Par_3,7Networks_RH_Cont_Temp_1,7Networks_RH_Cont_PFCv_1,7Networks_RH_Cont_PFCl_1,7Networks_RH_Cont_PFCl_2,7Networks_RH_Cont_PFCl_3,7Networks_RH_Cont_PFCl_4,7Networks_RH_Cont_PFCl_5,7Networks_RH_Cont_PFCl_6,7Networks_RH_Cont_PFCl_7,7Networks_RH_Cont_pCun_1,7Networks_RH_Cont_Cing_1,7Networks_RH_Cont_Cing_2,7Networks_RH_Cont_PFCmp_1,7Networks_RH_Cont_PFCmp_2,7Networks_RH_Default_Par_1,7Networks_RH_Default_Par_2,7Networks_RH_Default_Par_3,7Networks_RH_Default_Temp_1,7Networks_RH_Default_Temp_2,7Networks_RH_Default_Temp_3,7Networks_RH_Default_Temp_4,7Networks_RH_Default_Temp_5,7Networks_RH_Default_PFCv_1,7Networks_RH_Default_PFCdPFCm_1,7Networks_RH_Default_PFCdPFCm_2,7Networks_RH_Default_PFCdPFCm_3,7Networks_RH_Default_PFCdPFCm_4,7Networks_RH_Default_PFCdPFCm_5,7Networks_RH_Default_PFCdPFCm_6,7Networks_RH_Default_PFCdPFCm_7,7Networks_RH_Default_pCunPCC_1,7Networks_RH_Default_pCunPCC_2,7Networks_RH_Default_pCunPCC_3
7Networks_LH_Vis_1,0.0,28.4749766766313,54.0420872207859,24.1432585043195,77.0207311325714,19.2057161201505,62.5097585742821,69.523590523856,84.2242439152191,42.3519393475736,68.7260423405417,61.6666910961421,78.3595317877743,78.135703048793,135.753826141357,140.694166395399,113.814281463623,178.760278065999,0.0,148.064373016357,139.845634460449,0.0,0.0,0.0,104.02098236084,0.0,0.0,0.0,0.0,0.0,32.6685782115561,107.649434979757,97.1880692073277,0.0,0.0,0.0,116.423578627566,147.85890007019,155.611378479004,140.112213134766,138.269424438477,162.17204284668,170.7509765625,151.574524879456,151.2947265625,155.365875244141,118.504480690792,146.869971642127,123.694732666016,193.039251327515,168.113082885742,115.400860256619,0.0,154.552795410156,131.647077094184,144.022216033936,82.4508531179645,69.3803646480676,97.58244036645,116.862753530649,151.777386983236,140.314468383789,0.0,114.855134230394,149.334402787058,161.788744608561,166.533996582031,173.847259521484,188.527145385742,168.173303222656,93.864148457845,105.708810806274,94.5890350341797,105.927218463157,107.711071014404,126.468159443623,132.015938392052,144.180275268555,126.956258773804,98.3074517846107,152.970474830041,140.673314412435,136.478932100184,136.12784576416,158.853001912435,164.19504737854,176.870620727539,145.845703125,173.599001203265,146.174728393555,176.685122403232,161.784339904785,170.457050868443,165.455154418945,177.646011352539,47.4331113138507,79.8007183074951,50.1944122314453,117.743511199951,23.1086321219461,157.943130493164,118.205750601632,159.102073669434,131.240584564209,165.432532174247,164.91413192749,129.088265679099,180.324798583984,138.560567583357,135.330471462674,170.091500418527,174.255513191223,161.301919070157,172.937482497271,174.310035705566,0.0,0.0,0.0,0.0,0.0,0.0,0.0,0.0,0.0,0.0,0.0,0.0,0.0,0.0,0.0,0.0,0.0,0.0,0.0,171.561803817749,0.0,0.0,0.0,0.0,176.01380398399,0.0,173.722286224365,184.576365152995,0.0,0.0,0.0,0.0,0.0,0.0,0.0,0.0,0.0,174.240509033203,0.0,0.0,0.0,0.0,0.0,150.795516967773,0.0,206.140551053561,147.218826293945,172.072803497314,116.476921081543,0.0,0.0,125.922966003418,0.0,0.0,0.0,0.0,0.0,0.0,0.0,0.0,0.0,160.704837505634,90.9738235473633,0.0,0.0,0.0,168.24885559082,0.0,0.0,191.246475219727,178.401885986328,181.053833007812,0.0,0.0,0.0,181.330833435059,0.0,0.0,207.932174682617,0.0,0.0,0.0,140.735665639242,156.256731669108,175.330279032389
7Networks_LH_Vis_2,28.4749766766313,0.0,31.7549120071807,26.6488774015638,28.0193766640737,69.7286588110105,24.5880411281412,73.3139606885788,52.0067759879493,54.109802826722,55.502216490125,87.6182235717773,75.3881988218002,63.6765765249729,132.80155713008,151.739217060368,170.489521450467,195.887261526925,183.756332397461,191.736169433594,178.434483846029,0.0,164.238573455811,159.203819274902,161.791386922201,196.188896179199,157.493545532227,199.436030069987,190.050262451172,0.0,38.6989471903158,114.869366912842,121.412711377414,162.183502197266,0.0,135.809677124023,142.703242301941,177.205039024353,184.91476837794,180.522169494629,177.519119262695,199.661346435547,197.795768737793,169.796583557129,185.828703308105,176.881509304047,112.917339915961,160.047229766846,168.806434631348,199.917560577393,187.026058367829,182.441452026367,0.0,202.171765840971,154.003256676902,167.146866103013,114.539443989424,96.7219018969099,129.47402305603,120.859529443689,173.716608683268,169.611565907796,166.165997823079,109.288223054674,170.188384372748,179.960720062256,185.38496692364,190.33039855957,203.406539916992,188.381948852539,133.458590698242,157.73919241769,196.134029388428,128.027849046011,116.08233922498,124.752551110682,132.149197440312,152.663966899015,153.360460281372,127.793230477026,169.385339736938,164.726498900867,155.187725877515,163.889862060547,175.880312059309,184.016840211761,188.100139436268,182.122033013238,192.592010765745,188.813369750977,195.736796061198,199.322047642299,191.741612752279,193.592620849609,204.293879653468,97.9516218754283,138.984037126814,0.0,169.551221211751,58.6570872526349,186.723556518555,166.051909360019,178.916511535645,170.318946329753,180.271546797319,165.237241432884,155.950224876404,182.462133999529,162.140218734741,151.122402372814,181.061907087054,176.379495794123,166.564476613248,174.303333582197,172.09954268844,190.082992553711,191.484337942941,0.0,0.0,0.0,0.0,0.0,0.0,0.0,0.0,0.0,0.0,0.0,0.0,0.0,0.0,0.0,0.0,0.0,182.707327706473,170.077529907227,0.0,0.0,0.0,178.875144509708,0.0,190.208655221122,206.196130925959,195.515533447266,0.0,0.0,0.0,0.0,0.0,0.0,0.0,189.505935668945,195.064953613281,0.0,0.0,0.0,0.0,197.074234008789,203.831079271105,201.579106648763,227.591644287109,204.026428222656,203.325967407227,160.480628967285,161.378509521484,0.0,171.940906778971,182.837472279867,0.0,212.461837768555,221.413795471191,0.0,0.0,213.552866617839,0.0,0.0,160.803999652601,161.042922973633,0.0,204.173629760742,219.452362060547,174.405727386475,0.0,178.265274047852,214.684644063314,207.043112182617,203.642735799154,0.0,0.0,0.0,205.118682861328,212.648039076063,167.104064941406,228.563988821847,221.471000671387,0.0,0.0,143.136314840878,164.48605749742,187.591252326965
7Networks_LH_Vis_3,54.0420872207859,31.7549120071807,0.0,88.9088138123633,31.8252802206839,93.379030080942,92.2790369353069,34.3014823415457,52.439116903791,100.123082685471,36.8944231811948,95.243428769319,79.8573600475201,60.8605806627666,127.106763839722,128.664515177409,142.666832447052,168.379385811942,154.860063552856,143.182704671224,127.90268113878,0.0,119.97572593689,131.325096130371,119.643714904785,143.153668623704,123.774088723319,164.326583862305,153.483794076102,119.762126922607,35.2146577431723,27.571014007254,85.0053645047275,123.95581817627,102.498662567139,114.439373779297,106.808055980785,124.20756662303,144.615673828125,134.010659111871,137.194685536046,158.867604573568,160.143755231585,142.723375558853,153.577221920616,146.196166229248,114.945940741177,160.471351623535,157.898818969727,175.729523213704,175.828393554687,145.324523925781,0.0,169.796977233887,151.103000347431,165.735089536573,107.935173661055,83.6748624205281,123.7000390625,122.485477799636,126.342969894409,116.235929028741,129.246734619141,95.2397589234493,169.690077348189,178.813280972567,184.335859510634,176.404751117413,164.498023197569,139.608412217121,106.391314442952,118.805263519287,0.0,126.865008684305,114.563728173574,124.870203629518,121.439388067072,129.028421274821,74.222802570888,64.7142848276721,130.235224756701,86.6067830692349,154.942955951301,155.856689453125,176.711461287278,182.715215986701,181.12926864624,162.778549194336,189.894040527344,174.457209269206,193.25318145752,188.150914510091,148.10849571228,166.71106628418,180.794256591797,98.9611785642562,119.665328979492,0.0,139.179777526855,65.7009220539577,176.985704040527,174.146684265137,181.135487432065,174.234268188477,174.236526489258,177.747258050101,161.193629455566,179.568267822266,172.74969736735,150.397854688691,172.160278320312,176.219608013447,166.068324002353,171.908721923828,167.679648699079,177.779647827148,184.859959920247,0.0,0.0,0.0,0.0,0.0,0.0,0.0,0.0,0.0,0.0,0.0,0.0,0.0,0.0,135.579391479492,0.0,0.0,173.764423076923,156.299072265625,0.0,0.0,0.0,167.656737076609,0.0,172.934117635091,176.206027984619,178.238754272461,0.0,0.0,0.0,0.0,152.495918273926,0.0,0.0,183.79226175944,185.343383789062,0.0,0.0,161.735229492188,143.187637329102,193.676947699653,186.838912963867,204.887260437012,218.949615478516,202.131656646729,196.143732706706,171.346455891927,153.210680389404,0.0,158.948699951172,170.419380187988,0.0,0.0,0.0,0.0,0.0,0.0,0.0,176.473728179932,152.915670485724,127.417931692941,0.0,0.0,202.786514282227,165.211090087891,0.0,159.962231445313,208.602200676413,197.758224487305,196.834919520787,0.0,0.0,0.0,184.597122192383,181.042663574219,0.0,223.239491780599,205.244705200195,0.0,0.0,140.264322280884,150.641628265381,167.263936360677
7Networks_LH_Vis_4,24.1432585043195,26.6488774015638,88.9088138123633,0.0,90.5597813725471,22.5389103907488,22.5070340442836,121.18200465611,94.8010320810171,22.5405569631821,107.36164484024,52.2837647132154,58.8340515759993,90.46530146069,145.0176955003,159.483258666992,0.0,169.004684448242,0.0,0.0,156.401885986328,0.0,0.0,0.0,0.0,0.0,0.0,0.0,0.0,0.0,87.5580622786183,136.647935655382,130.118335723877,0.0,0.0,0.0,140.622736612956,163.441478184291,173.753204345703,0.0,0.0,0.0,170.856185913086,166.270278930664,0.0,162.614059448242,116.931619008382,154.528800116645,0.0,201.451832580566,177.782242995042,0.0,0.0,0.0,148.378699076544,162.135670697248,106.557232354015,95.7380857504191,122.111858476911,120.095413208008,164.392791748047,163.691795349121,0.0,116.555168476511,166.497597711737,175.45644124349,179.77944391424,183.65168207342,197.745876312256,172.697402954102,110.897106757531,111.822189331055,0.0,122.767658139219,115.054038770271,126.923870849609,145.381063779195,162.938007354736,132.772018432617,153.176074981689,169.149928006259,170.974091339111,151.221931787638,152.44123840332,171.304415580554,179.226725929662,183.553329467773,166.245208740234,188.300392150879,161.28239440918,187.557788848877,181.059295654297,191.302381515503,170.013961791992,187.5498046875,67.5255810837997,99.6712900797526,0.0,135.571473439535,54.6574271410361,168.380386352539,126.945844979122,152.137715956744,81.1091668533556,172.91032409668,155.180346864643,122.023477994479,177.754324913025,53.8968057632446,130.53790473938,176.018060302734,168.461320256078,153.092759268624,168.927655202038,172.674288068499,0.0,0.0,0.0,0.0,0.0,0.0,0.0,0.0,0.0,0.0,0.0,0.0,0.0,0.0,0.0,0.0,0.0,0.0,0.0,167.547325134277,0.0,0.0,0.0,0.0,177.00793762207,0.0,174.631632486979,179.668592453003,0.0,0.0,0.0,0.0,0.0,0.0,0.0,0.0,0.0,177.772262573242,0.0,0.0,0.0,0.0,0.0,146.125411987305,0.0,215.573516845703,164.170700073242,171.802576700846,134.723754882812,0.0,0.0,0.0,0.0,0.0,0.0,0.0,0.0,0.0,0.0,0.0,0.0,159.588708665636,0.0,0.0,0.0,0.0,160.999061584473,0.0,0.0,185.645670572917,166.257502746582,159.856231689453,0.0,0.0,0.0,189.443654378255,0.0,0.0,219.935768975152,0.0,0.0,0.0,135.429751586914,162.078573862712,179.877882385254
7Networks_LH_Vis_5,77.0207311325714,28.0193766640737,31.8252802206839,90.5597813725471,0.0,95.7884830898709,28.0232071605637,78.6624118337091,26.8298537513029,66.7339734878366,32.1056710818434,91.53622509883,76.0893421586188,55.8753253608225,132.945968933105,155.136197952997,167.349124145508,201.303667704264,170.82524617513,190.104629516602,186.79663848877,0.0,0.0,0.0,162.135131835938,188.87279510498,0.0,186.586196899414,0.0,0.0,91.9483194040215,113.347479143713,142.510112762451,0.0,0.0,0.0,155.758812798394,181.327364730835,187.031087602888,184.049775441488,146.676544189453,198.777084350586,201.238321940104,173.984013875326,187.072090148926,180.063023885091,115.001634885187,170.253839593185,171.885040283203,204.937064276801,195.690612792969,0.0,0.0,203.711479187012,168.361859639486,181.206672724146,137.390197596599,117.337907436282,147.156897226969,127.349629625862,175.080619812012,177.981346130371,140.689793904622,114.003948918095,183.134760504601,191.880973270961,196.305847167969,198.174641927083,208.302047729492,192.220826890734,130.60732460022,142.130519321987,0.0,141.110802911457,124.794914619072,129.615386217068,130.153610001749,154.671467949362,155.310057067871,156.290250997628,169.161017523872,173.194241115025,168.372856762944,170.670617675781,187.295252171958,196.856367683411,196.622378540039,184.242446899414,202.650278191817,188.524101257324,204.208143446181,203.726943969727,198.971145629883,197.339197495404,207.908779144287,98.2976595271717,146.310691833496,0.0,173.719218444824,100.993834834988,193.113352848933,182.925494800914,186.179973602295,184.541862487793,183.277603149414,176.775695951858,170.485953937877,182.941214425223,176.336860295889,153.790918439348,181.082629394531,177.966621398926,166.694122314453,173.539750976562,171.873345947266,191.724161783854,192.090945193642,0.0,0.0,0.0,0.0,0.0,0.0,0.0,0.0,0.0,0.0,0.0,0.0,0.0,0.0,0.0,0.0,0.0,185.373991830008,176.018913855919,0.0,0.0,0.0,172.937800624914,0.0,183.056243896484,202.710025024414,186.716928655451,0.0,0.0,0.0,0.0,170.62873840332,0.0,0.0,201.440475463867,197.11376953125,0.0,0.0,0.0,0.0,0.0,193.700469970703,218.632736206055,216.979339599609,218.074191373937,209.7009765625,192.937088012695,157.642196655273,0.0,170.562637329102,185.455744425456,0.0,0.0,0.0,0.0,0.0,0.0,0.0,0.0,156.031356008429,150.059220631917,0.0,0.0,0.0,174.740268707275,0.0,169.804389953613,219.953875491494,209.807323455811,206.943176269531,188.589004516602,158.124771118164,0.0,198.686050415039,201.213668823242,0.0,232.18448638916,0.0,0.0,0.0,140.355367451689,155.956600632778,175.536584472656
7Networks_LH_Vis_6,19.2057161201505,69.7286588110105,93.379030080942,22.5389103907488,95.7884830898709,0.0,71.9320649117098,102.034420776367,90.4551362257737,24.0012471270573,96.934023981509,54.4889824276879,73.1173574527831,85.9664454792821,111.863952064514,108.685594177246,85.6563034057617,0.0,0.0,0.0,0.0,88.0675261213973,0.0,0.0,0.0,0.0,0.0,0.0,132.623443603516,0.0,87.0785689883762,109.255989074707,82.2044630050659,0.0,0.0,0.0,83.6412512628656,100.742328008016,95.8249079386393,123.777165730794,0.0,0.0,0.0,109.860804966518,0.0,93.8132077730619,114.164793809255,137.359420776367,0.0,151.856155395508,144.461517333984,102.619745427912,132.029830932617,114.566308339437,149.073059082031,158.454585322627,66.0259759025852,85.3481452941895,89.8502487182617,127.035604858398,87.4373397827148,90.9506757524278,0.0,115.727142333984,164.519694010417,170.594299316406,160.581466674805,153.430236816406,141.355926513672,0.0,59.2073366044989,47.1639668069235,88.6396298408508,125.117341072329,126.337307269757,128.939085053235,117.729309082031,116.956874084473,0.0,99.8943769493882,91.6660123552595,104.173000335693,155.078392028809,143.311920166016,164.981150309245,167.622817230225,157.381404876709,132.973295593262,152.150805249626,114.953449542706,151.318337873979,129.381701045566,148.282221476237,115.987525939941,131.897449493408,21.7934165838219,48.9162778634049,63.4725303649902,70.0399479967483,22.6990460478099,144.262649536133,111.630525588989,155.392364501953,115.672918146307,156.562474568685,166.426249912807,107.071293830872,171.037957327706,135.772641075982,126.481830596924,157.62971496582,167.326177120209,146.882217856014,158.745526733398,152.795236587524,134.690785725911,138.908103942871,0.0,0.0,0.0,0.0,0.0,0.0,0.0,0.0,0.0,0.0,0.0,0.0,0.0,0.0,117.837284088135,118.251556396484,0.0,152.702743530273,0.0,0.0,0.0,0.0,138.096064480868,0.0,134.021683626397,126.145761489868,127.447166442871,0.0,0.0,0.0,0.0,111.57209777832,103.055397033691,0.0,0.0,151.840017318726,0.0,0.0,143.190402984619,106.25626373291,162.578971862793,181.643295288086,0.0,211.506705147879,131.808924357096,162.078356061663,99.5212593078613,116.446838378906,0.0,123.767715454102,136.619016647339,0.0,0.0,0.0,0.0,0.0,185.828384399414,0.0,0.0,131.579565221613,68.2999986921038,110.291660308838,168.88599395752,178.21696472168,141.674739837646,0.0,118.111859061501,182.204486846924,163.654126848493,161.513989257813,0.0,0.0,0.0,188.586761474609,181.896865844727,0.0,209.298602581024,194.998962402344,158.997497558594,0.0,116.009234110514,107.360907455971,118.328204739478
7Networks_LH_Vis_7,62.5097585742821,24.5880411281412,92.2790369353069,22.5070340442836,28.0232071605637,71.9320649117098,0.0,120.379580241878,20.3881541005964,30.5722414895117,83.2518105798838,65.7994995355606,25.9656283280174,37.8022517821997,131.77808525779,147.224029541016,169.849482218424,201.232667541504,177.942260742188,193.852550159801,187.939239501953,0.0,129.471603393555,0.0,169.240783691406,193.799667358398,133.072998046875,199.224108378092,164.359329223633,0.0,101.026136875153,121.88863151018,147.996353912354,0.0,0.0,89.6423263549805,155.685717688666,186.400619506836,190.818137790846,187.607522583008,176.18809000651,202.798927307129,199.909439086914,172.168762207031,188.460601806641,181.860473632812,116.0998303613,169.04736328125,173.328201293945,205.35810139974,193.046962738037,178.419044494629,0.0,206.113952636719,164.99879259382,177.961324191173,132.222426312714,116.52569563706,145.052191994407,127.522371275812,173.287155151367,178.18302154541,148.028026580811,115.694957426225,180.379379204036,188.747121671351,194.375343322754,197.364368438721,208.219811179421,194.503082275391,126.389544586637,142.883708953857,174.885238647461,139.368649904845,124.964584776809,129.648535267691,132.570648090259,152.120347876298,160.898666381836,161.423222449518,171.496858723958,173.450379004845,166.228775839204,172.723770141602,185.592362327137,194.018136501312,194.628019271358,186.38493347168,201.710178920201,192.609062194824,203.437931060791,203.990242004395,199.840278625488,200.044267272949,209.28366394043,85.0703226172406,137.394600868225,0.0,174.594289606268,92.3835629054478,187.82293065389,170.17670842951,165.234749688043,163.189511271084,180.859772902269,117.423177754033,155.838470032761,174.777321712845,131.454305987322,144.662628090032,179.40936088562,165.01631031016,159.291027553213,167.863267350197,168.113868350074,195.538633558485,200.51101545854,0.0,0.0,0.0,0.0,0.0,0.0,0.0,0.0,0.0,0.0,0.0,0.0,0.0,0.0,0.0,0.0,0.0,182.688817342122,176.45644569397,0.0,0.0,0.0,171.025922938756,0.0,180.979460398356,197.00080871582,197.426956176758,0.0,0.0,0.0,0.0,184.494750976562,0.0,0.0,198.585891723633,195.869935512543,0.0,0.0,0.0,0.0,0.0,203.584035964239,216.611335754395,219.946701049805,209.868240356445,201.216914585658,182.937431335449,176.729443359375,0.0,172.280253092448,187.858652900247,174.566886901855,193.224355061849,0.0,0.0,0.0,0.0,0.0,0.0,151.666241313723,153.043807983398,0.0,205.146522521973,209.591239929199,174.748944854736,168.114479064941,178.599685668945,211.688003138492,202.713696289063,202.054542541504,197.049267578125,185.134852091471,0.0,210.281415303548,212.855751037598,0.0,231.452583312988,0.0,0.0,0.0,133.962595707228,152.293826470008,173.867768829944
7Networks_LH_Vis_8,69.523590523856,73.3139606885788,34.3014823415457,121.18200465611,78.6624118337091,102.034420776367,120.379580241878,0.0,54.2497237743718,113.148496945699,29.3400247884355,91.1464499337333,74.7045316398988,52.7206198813297,114.965503378475,118.018999846085,131.916068443885,143.988707860311,142.658223470052,120.864096208052,112.124716758728,0.0,110.274680420593,122.879914442698,111.826584407261,133.219183114859,113.647535324097,158.291305541992,158.922292709351,130.913137163435,60.9535515838698,34.4582901287129,73.5687702496846,110.043093681335,102.62037322998,104.154754638672,97.4631260858066,108.073028564453,131.860602745643,128.531955337524,125.604691077923,147.840747010474,133.837447317023,123.419967778524,132.774548617276,109.761076518467,103.380312424601,154.239742279053,145.314628601074,149.556013890317,165.878323872884,153.789047241211,113.462779998779,156.659091949463,153.609962463379,166.876253843307,117.19183334539,93.5847602593507,129.267969584293,112.119811255977,79.7656808268544,91.1637728009905,107.988628948436,81.8072758986265,167.929861945075,174.989810943604,179.071196122603,165.973929569639,147.635743609929,122.862495525463,99.6815372725665,112.12361102634,125.378402709961,124.467540399084,105.040331492705,112.383435086759,96.5154841902069,74.8604201050166,25.9641768236625,38.3717813146023,71.0315127747782,56.8670652899334,153.593423282399,149.613716125488,171.743576049805,181.363398234049,164.213407728407,151.797653198242,187.187721252441,170.076287841797,185.073971557617,184.293281555176,134.68277805687,158.220951550627,167.661769743889,97.691954592441,115.520149993896,0.0,131.130191100271,79.6296593515496,174.646517072405,162.333946228027,175.348611195882,166.561126708984,168.807627360026,176.808256149292,158.0511605399,178.111209869385,169.247299194336,149.200342814128,166.910519917806,173.323438008626,161.879298963045,168.473321702745,162.842242431641,177.180099487305,180.024478149414,0.0,0.0,0.0,0.0,0.0,0.0,0.0,0.0,167.037567138672,0.0,0.0,0.0,0.0,174.314002990723,167.041235351563,169.107451544868,0.0,173.123814900716,140.819564819336,0.0,0.0,0.0,164.620622180757,0.0,171.618352254232,172.048373413086,171.102916717529,0.0,176.025741577148,178.542999267578,0.0,150.940048217773,138.094924926758,0.0,173.712871551514,182.68637169732,0.0,0.0,169.446590423584,150.162130355835,188.465012868245,0.0,0.0,216.140518188477,194.009763081868,194.59006690979,0.0,154.204734802246,0.0,154.905349731445,169.92616780599,0.0,0.0,0.0,0.0,0.0,0.0,0.0,186.462443033854,151.324412482125,128.650608062744,0.0,176.017959594727,200.670837402344,162.573215484619,0.0,156.953056335449,203.406971401638,192.751174926758,189.606549944196,0.0,0.0,0.0,181.237030029297,181.017791748047,0.0,222.827026367188,209.351364135742,180.821243286133,0.0,136.727573688214,148.13537322998,162.166968048596
7Networks_LH_Vis_9,84.2242439152191,52.0067759879493,52.439116903791,94.8010320810171,26.8298537513029,90.4551362257737,20.3881541005964,54.2497237743718,0.0,66.1512317657471,28.0159197932133,85.1202441128817,38.6791356396147,26.8586476623136,126.044031316584,140.431177616119,147.883637746175,194.392143249512,142.822189331055,173.766868591309,147.475824182684,0.0,0.0,0.0,122.803092956543,0.0,0.0,0.0,0.0,0.0,96.2069342662873,106.253114912245,122.904444376628,0.0,0.0,0.0,137.609243937901,173.997151184082,181.511703491211,166.408910751343,0.0,179.450645446777,180.773254394531,160.877838134766,168.824409484863,170.799922943115,111.969823732481,168.823168870879,152.236938476562,202.952533721924,191.688507080078,0.0,0.0,184.872406005859,170.041128158569,185.373634670092,141.701529051128,122.164577045138,151.155888693673,127.63909497599,168.408803100586,168.271962766294,0.0,113.30389297107,186.134949684143,193.493850708008,194.895454855526,195.991432189941,201.555043538411,169.179016113281,121.534322102865,119.398960113525,0.0,143.090456848145,125.723573511297,127.2009027207,122.880280361381,141.925040505149,139.496083577474,140.391285058224,164.215576171875,164.756616973877,170.115059509277,0.0,188.439800686306,198.630005972726,196.104046291775,0.0,202.223068237305,0.0,203.331758499146,194.30712890625,182.800956726074,187.839836120605,202.685246785482,87.327669037713,135.237802505493,0.0,169.081780569894,105.136143929618,192.691008623909,182.480258687337,183.777816772461,179.753580729167,181.690538194444,176.190332119281,165.574822562081,180.000087420146,171.46344909668,149.101274681091,177.929231007894,173.983493041992,163.02585536036,169.767646057129,167.847066377339,190.11862598766,191.720008850098,0.0,0.0,0.0,0.0,0.0,0.0,0.0,0.0,0.0,0.0,0.0,0.0,0.0,0.0,0.0,0.0,0.0,183.536385320848,171.457405090332,0.0,0.0,0.0,167.766598986341,0.0,179.000158691406,193.750345865885,170.701044718424,0.0,0.0,0.0,0.0,163.347499847412,0.0,0.0,196.770304361979,195.928021079616,0.0,0.0,0.0,0.0,0.0,0.0,218.332859039307,0.0,216.600570678711,207.048069477081,187.751810346331,0.0,0.0,163.642372131348,185.080215454102,0.0,0.0,0.0,0.0,0.0,0.0,0.0,0.0,151.194944394868,139.068307240804,0.0,0.0,0.0,169.369668671579,0.0,159.679302215576,217.97859064738,207.052266438802,205.773475646973,182.369659423828,160.939010620117,0.0,0.0,0.0,0.0,224.672393798828,0.0,0.0,0.0,133.724844023937,150.193110066075,168.988548278809
7Networks_LH_Vis_10,42.3519393475736,54.109802826722,100.123082685471,22.5405569631821,66.7339734878366,24.0012471270573,30.5722414895117,113.148496945699,66.1512317657471,0.0,99.1657948762598,21.0877962314432,27.1188391656238,63.006774743398,134.453012906588,138.090790077492,87.5819664001465,171.338729858398,0.0,0.0,0.0,0.0,0.0,0.0,0.0,0.0,0.0,0.0,0.0,0.0,99.3108851862889,129.703569200304,97.7864589691162,0.0,0.0,0.0,93.6939177740188,151.238688151042,163.521068919789,118.341979980469,0.0,0.0,132.561321258545,153.2607421875,0.0,151.5818456014,121.042424288663,161.450824135228,0.0,196.632800292969,182.438583374023,122.167247772217,0.0,120.804595947266,157.567587716239,171.525008138021,101.680291876632,106.951495212979,124.861749364975,128.474461169953,151.002827453613,139.99870300293,0.0,121.337337147106,174.273681640625,184.087554931641,186.618062973022,186.246572875977,197.014167785645,139.772186279297,59.4079496310307,93.0133156776428,87.3996658325195,133.495227314415,125.453324871299,134.310333808263,136.703546600342,147.962717692057,131.666027069092,135.871537685394,163.138679504395,162.110054016113,161.05585755973,156.123992919922,179.565011301348,188.341255044037,187.67212761773,164.731292724609,192.105752798227,154.451594034831,191.026649475098,171.592414855957,184.332614898682,147.650268554688,183.22225189209,26.009841117133,71.0863780975342,60.7456130981445,110.79308113685,54.4792201827415,174.105023384094,137.162899017334,150.567372914907,125.02688309242,162.388041178385,146.778665766996,119.130677223206,158.63363198673,72.9423619915295,116.543657415606,163.129319826762,146.747594448177,125.106985817904,146.433721665856,150.638628005981,179.385864257812,182.311534001277,0.0,0.0,0.0,0.0,0.0,0.0,0.0,0.0,0.0,0.0,0.0,0.0,0.0,0.0,0.0,0.0,0.0,166.635156519273,158.978899637858,0.0,0.0,0.0,151.243940035502,0.0,162.542163848877,167.035565185547,147.43391418457,0.0,0.0,0.0,0.0,149.063787841797,0.0,0.0,187.12739054362,187.907975769043,0.0,0.0,0.0,0.0,0.0,201.547668457031,202.175720214844,212.165066058819,184.686788241069,186.658605957031,144.733673731486,0.0,0.0,152.430465698242,173.078745524089,0.0,208.660610198975,0.0,0.0,0.0,0.0,0.0,0.0,131.251639910192,115.236218770345,0.0,0.0,0.0,157.585637544331,0.0,143.766174316406,201.339753371019,193.842575638383,191.942123413086,179.31169128418,150.185002009074,0.0,190.578847249349,0.0,0.0,217.211536407471,0.0,0.0,0.0,108.631477533844,128.895349121094,148.459237670898
7Networks_LH_Vis_11,68.7260423405417,55.502216490125,36.8944231811948,107.36164484024,32.1056710818434,96.934023981509,83.2518105798838,29.3400247884355,28.0159197932133,99.1657948762598,0.0,78.9433730655246,62.5654806002838,36.7425208769804,114.763765182087,116.447050665179,130.570022964478,173.119172668457,148.150169372559,155.758938312531,137.246550126509,0.0,123.232070922852,126.066337585449,114.286451466878,137.824384689331,114.064810305226,160.926058451335,142.025554656982,101.017593383789,74.2263953730439,72.7074436674069,51.116883778681,124.840383911133,94.88134765625,105.802209218343,76.9144215784474,103.913948573423,124.051639903675,124.169748942057,131.067904336112,151.474273681641,164.090461730957,131.603033865652,151.729467010498,145.736797332764,105.243726086617,164.599394255993,156.424518585205,179.580757589901,174.602439880371,137.360229492188,0.0,160.324037031694,160.823404485529,176.662356645633,128.821595424477,107.627934234821,140.097752302121,119.627710627413,140.835743586222,101.45900617327,131.082508850098,103.765284969517,176.640345131479,185.24878692627,186.394195556641,180.278816671932,170.509467491737,144.178802490234,85.7661069982192,110.854032343084,0.0,134.270621592604,116.934648069946,118.184556799669,110.836821751565,118.916591443514,85.7801918702967,31.4316892454172,136.528963955966,109.380195080792,161.453410736502,155.764099121094,180.373005722508,189.909681656781,183.989822387695,153.228363037109,195.134343465169,172.27806854248,192.633476257324,190.156356811523,146.719172691231,156.653085708618,177.177348743786,86.7904003991021,109.476077270508,0.0,127.018745422363,87.2797085053739,181.095571181353,175.242370605469,179.497191619873,176.070007324219,173.845217704773,177.574736241941,161.839447021484,177.963633169042,171.141241139379,152.930490620931,173.590841020857,173.421924087849,162.341749108356,167.077833741576,162.448913574219,182.13458442688,186.109024047852,0.0,0.0,0.0,0.0,0.0,0.0,0.0,0.0,127.29084777832,0.0,0.0,0.0,0.0,0.0,154.203201293945,148.615417480469,0.0,175.38693830702,165.437217712402,0.0,0.0,0.0,162.956600189209,0.0,169.927500310934,173.375123765734,171.312540054321,0.0,0.0,0.0,0.0,162.203155517578,0.0,0.0,186.319030761719,188.298385620117,0.0,0.0,158.186233520508,147.126861572266,186.079846700033,175.328475952148,204.059432983398,209.003158569336,206.605575561523,200.381573486328,179.512878417969,161.556594848633,0.0,158.413010230431,176.724273681641,0.0,0.0,0.0,0.0,0.0,0.0,0.0,175.745391845703,147.817244459943,130.914970397949,0.0,0.0,199.219367980957,164.577892303467,137.481231689453,162.623245239258,208.871482849121,196.459335327148,194.886439396785,174.686767578125,159.116384506226,0.0,152.984359741211,0.0,0.0,224.165073939732,199.636938476563,0.0,0.0,133.812037247878,143.478208705357,160.193116408128
7Networks_LH_Vis_12,61.6666910961421,87.6182235717773,95.243428769319,52.2837647132154,91.53622509883,54.4889824276879,65.7994995355606,91.1464499337333,85.1202441128817,21.0877962314432,78.9433730655246,0.0,24.792465642839,63.5449576344523,110.869917297363,110.309789445665,71.9117965698242,0.0,0.0,0.0,0.0,0.0,0.0,0.0,0.0,0.0,0.0,0.0,0.0,0.0,104.768977825458,105.113865661621,67.0905297597249,0.0,0.0,0.0,59.2343132712624,109.352424621582,127.843914031982,77.402702331543,0.0,0.0,0.0,122.610332489014,0.0,93.7984848022461,107.159915577282,151.492050170898,0.0,164.424011230469,0.0,84.4901962280273,0.0,0.0,162.16130065918,180.283934373122,111.820819269412,118.928104400635,134.163118073435,124.257675170898,101.216316223145,99.8150672912598,0.0,116.298287709554,181.419638061523,186.623977661133,172.656326293945,0.0,136.440414428711,0.0,26.4258923994116,75.1925964355469,0.0,141.57964509109,126.773966789246,123.497376662034,115.179072909885,117.525418175591,0.0,94.2668627732955,114.482898712158,126.897773742676,167.957717895508,0.0,181.707916259766,195.202947998047,179.058174133301,0.0,187.246064927843,0.0,0.0,0.0,133.383819580078,0.0,0.0,30.0862810974795,57.0672706794739,0.0,88.2714350223541,74.6775253109816,173.89323425293,154.828489685059,161.645921243204,155.174162546794,163.285216195243,155.83835102263,132.293191019694,156.916131795247,141.031395462919,123.491856980598,157.288890414768,149.687579213497,133.588008966019,143.896067888309,143.728986844149,168.425601196289,174.553421020508,0.0,0.0,0.0,0.0,0.0,0.0,0.0,0.0,0.0,0.0,0.0,0.0,0.0,0.0,0.0,0.0,0.0,165.406524658203,154.087890625,0.0,0.0,0.0,142.431299445334,0.0,149.247253417969,149.735202789307,125.524139404297,0.0,0.0,0.0,0.0,146.736190795898,0.0,0.0,182.434753417969,178.742214747838,0.0,0.0,0.0,0.0,0.0,0.0,204.390480041504,0.0,198.782239473783,190.0120232322,164.377577781677,0.0,0.0,141.248705546061,164.28364944458,0.0,208.910308837891,0.0,0.0,0.0,0.0,0.0,0.0,122.869703470454,100.891012464251,0.0,0.0,0.0,146.676288604736,0.0,134.399223327637,202.651172214084,191.264278411865,190.699468612671,162.916168212891,149.969863891602,0.0,0.0,0.0,0.0,0.0,0.0,0.0,0.0,106.12108635012,117.897733800551,136.116497039795
7Networks_LH_Vis_13,78.3595317877743,75.3881988218002,79.8573600475201,58.8340515759993,76.0893421586188,73.1173574527831,25.9656283280174,74.7045316398988,38.6791356396147,27.1188391656238,62.5654806002838,24.792465642839,0.0,31.0845950844958,120.243986947196,119.708102460177,137.485343085395,185.795728583085,158.742024993896,170.828382219587,155.748784637451,80.8806355794271,147.617798699273,149.095123291016,140.981628417969,161.21409034729,149.916595458984,162.630939483643,162.93286895752,128.235687255859,106.126388543797,113.871684951012,49.5947264421682,143.978465270996,104.560150146484,130.77647228241,41.0791942056608,106.717053413391,119.537843014332,144.055938720703,151.972255706787,167.927368164062,180.3963804245,137.588967762823,161.670138549805,151.812469845726,111.958224870626,176.8620898907,172.695343017578,190.405854633876,190.145886103312,159.048959520128,130.20086924235,170.904043344351,177.53253004286,191.044216543004,135.747857676993,129.071340701923,152.438487139615,130.622612717572,145.791547360628,90.6446741141525,138.914235750834,118.229171645284,191.976319256951,198.627943394548,200.16685740153,194.603444417318,189.133736610413,161.896195355584,43.7960485907181,101.097680409749,137.79011258212,147.72844353128,131.465461901446,128.284562062196,121.009673713235,127.014838873171,139.873558493222,81.1676936589234,147.276499557495,130.97234825466,176.647508401137,179.648431396484,194.245834644024,204.299371100091,196.714307842833,184.389663696289,206.986952282134,179.819727579753,205.084091186523,197.774035644531,163.475248146057,174.115850095396,187.263599395752,57.8641926375472,85.8856163819631,102.714820861816,116.11649946733,94.2878428534238,188.607227325439,172.208788958463,177.866023788452,169.228934138654,178.224349127875,164.96993451866,152.986910692511,172.796868050964,149.195249791556,140.640722249075,171.597488111751,161.913482467226,147.766685069792,159.109635488128,158.413478654684,186.156548541525,192.362691762496,0.0,160.306716918945,0.0,0.0,0.0,0.0,0.0,0.0,158.509735107422,0.0,146.194305419922,0.0,149.851409912109,169.417266845703,164.071160567434,162.849469636616,0.0,178.10405476888,176.570978800456,0.0,0.0,0.0,157.36765982465,154.837216186523,166.958808229681,171.67887878418,178.606919606527,0.0,174.286285400391,187.074066162109,170.159057617188,184.083477783203,182.585165405273,0.0,199.623443603516,190.213552474976,0.0,190.467910766602,186.564125061035,157.494013468424,196.983276367188,226.083615112305,224.561905891665,231.732023972731,212.650964948866,202.573602162237,183.766875168373,177.250701904297,169.866590612075,163.770092273581,184.930163679452,211.844512939453,232.787582397461,0.0,0.0,0.0,0.0,0.0,198.639205932617,139.135207564277,128.07420873642,144.465397304959,196.999370574951,205.894979476929,164.825603739421,175.73920249939,168.659242517808,213.185821945603,203.221549034119,199.729064376266,196.967121669224,188.147922291475,221.044883728027,205.390591430664,204.054702758789,160.193290710449,226.44637298584,207.593561808268,0.0,0.0,123.049872288938,134.63268983629,152.2807515387
