,L_bankssts,L_caudalanteriorcingulate,L_caudalmiddlefrontal,L_cuneus,L_entorhinal,L_fusiform,L_inferiorparietal,L_inferiortemporal,L_isthmuscingulate,L_lateraloccipital,L_lateralorbitofrontal,L_lingual,L_medialorbitofrontal,L_middletemporal,L_parahippocampal,L_paracentral,L_parsopercularis,L_parsorbitalis,L_parstriangularis,L_pericalcarine,L_postcentral,L_posteriorcingulate,L_precentral,L_precuneus,L_rostralanteriorcingulate,L_rostralmiddlefrontal,L_superiorfrontal,L_superiorparietal,L_superiortemporal,L_supramarginal,L_frontalpole,L_temporalpole,L_transversetemporal,L_insula,R_bankssts,R_caudalanteriorcingulate,R_caudalmiddlefrontal,R_cuneus,R_entorhinal,R_fusiform,R_inferiorparietal,R_inferiortemporal,R_isthmuscingulate,R_lateraloccipital,R_lateralorbitofrontal,R_lingual,R_medialorbitofrontal,R_middletemporal,R_parahippocampal,R_paracentral,R_parsopercularis,R_parsorbitalis,R_parstriangularis,R_pericalcarine,R_postcentral,R_posteriorcingulate,R_precentral,R_precuneus,R_rostralanteriorcingulate,R_rostralmiddlefrontal,R_superiorfrontal,R_superiorparietal,R_superiortemporal,R_supramarginal,R_frontalpole,R_temporalpole,R_transversetemporal,R_insula
L_bankssts,0.0,0.0,142.301751626504,174.37767706977,240.270401000977,120.942294801985,37.4220781304449,88.9796939959837,112.834543863932,164.330038976669,149.152950563293,170.974317110502,0.0,41.6840552301784,193.00129699707,192.579765319824,141.565903289409,178.291256644509,160.450195580198,159.155356513129,145.180871714716,130.999526977539,170.788388933454,138.693283081055,0.0,156.057694987886,172.689369738941,159.799508463542,34.16889460285,53.7321874326052,215.65119934082,128.262321472168,102.223323080275,130.775745947384,0.0,182.975280761719,195.505004882812,0.0,0.0,0.0,195.698369344076,0.0,101.870418548584,0.0,0.0,0.0,0.0,167.030059814453,0.0,157.310119628906,0.0,220.683517456055,0.0,0.0,160.410308837891,0.0,0.0,171.959306989397,0.0,218.249504089355,210.852874755859,191.392425537109,192.108703613281,143.597106933594,231.220916748047,0.0,221.061065673828,178.070304870605
L_caudalanteriorcingulate,0.0,0.0,121.508872312658,161.457664489746,147.283770969936,173.364602661133,190.183236122131,178.787173344539,84.5809680104613,200.87050374349,76.1815845304649,141.471902170489,68.4219878956676,150.6198924138,119.110865993354,86.9210751273415,97.3992659322331,87.8532324109759,73.3594974941678,190.316370646159,137.889121111702,53.3610762419887,128.233626082137,98.3464072547802,30.4153982988836,80.1773656312689,36.1407815025389,151.305465698242,149.215272803056,163.49917755127,92.8602081186631,123.505711555481,0.0,91.9037491191517,0.0,53.2299640912276,136.184647126631,0.0,0.0,0.0,199.197712824895,233.71369934082,167.398519243513,217.152297973633,129.643250274658,0.0,128.621986219618,203.10648727417,221.863479614258,151.179970741272,116.322094015879,134.470005637721,125.92759415199,0.0,198.668291091919,112.492925430166,159.025061289469,166.633694848349,118.029197986309,117.599828394254,106.36385929941,190.568461608887,230.264455159505,157.871032714844,142.617578703782,205.174606323242,0.0,137.944195338658
L_caudalmiddlefrontal,142.301751626504,121.508872312658,0.0,227.403244018555,99.6268539428711,161.954216664632,123.505942126622,158.384908652634,187.651278904506,183.269115686417,141.506510066986,218.237602233887,153.732805252075,146.251276024379,180.930038452148,118.901725734676,65.1441836642945,129.402842977773,104.026016063059,202.223459879557,87.7266448664247,126.370190938314,48.079526885479,144.044931855592,153.240122014826,53.9427354518877,41.1168446745047,107.361477431442,159.865955956081,115.325795743072,141.187872568766,147.18627966018,161.391732006538,113.854551941706,198.274332682292,139.838212227335,135.24908168355,0.0,229.965759277344,226.088287353516,185.896307219499,220.35947265625,157.559091356066,227.020149230957,196.081199645996,220.954177856445,198.449089050293,203.922741844541,0.0,147.316792110745,153.007445265117,186.336350440979,168.750606260438,0.0,173.886978149414,144.172430441413,147.351244149557,176.687344680598,148.999594116211,158.107427135017,133.679414411639,188.433399777296,209.187721701229,192.343491690499,188.319530487061,0.0,0.0,165.791144598098
L_cuneus,174.37767706977,161.457664489746,227.403244018555,0.0,121.669572246318,98.9556529141694,91.2937578310434,149.4416661696,72.6001234308961,33.3728080742866,193.286194602508,61.6247565208274,173.549071238591,158.367033682463,99.9535907709931,0.0,229.124176025391,204.637027242909,209.873204231262,24.2319246063658,148.143417358398,99.2627601623535,157.57829284668,28.2989640144873,217.424205235073,209.497674107552,218.969272528754,31.4549400440283,151.36672644043,187.68106115432,217.32550684611,178.582181604897,131.802169799805,136.690844571149,243.24201965332,216.618286132812,228.882217407227,146.463086478518,173.58677482605,202.223292741619,181.69096234584,208.475639343262,107.690032261174,197.725819185556,238.377748761858,189.283136926516,176.455749511719,213.23411023939,169.915543256487,227.11360168457,0.0,241.790939331055,0.0,190.406867772504,210.837265014648,187.351119995117,0.0,153.954739930678,0.0,246.169937133789,238.241546630859,155.296526865633,212.868455614362,201.211639404297,0.0,229.335556030273,0.0,214.12734153054
L_entorhinal,240.270401000977,147.283770969936,99.6268539428711,121.669572246318,0.0,23.6658810727444,130.314202279756,54.5515851179759,74.4024756900848,149.808045005798,81.3549695752331,84.1388095959677,44.1971345043822,120.275633811951,30.8571892176901,0.0,74.7243296305339,120.303916931152,0.0,120.62288482666,129.314144134521,102.875533470741,109.566251118978,93.7381202492248,143.187703026666,154.41087940761,177.841449222049,145.713433239911,179.986221313477,0.0,131.337355295817,9.8653741169497,163.763122558594,15.0633417388083,0.0,174.403274536133,0.0,170.522194998605,176.812362670898,0.0,206.699565887451,0.0,96.7353668212891,204.395884195964,0.0,154.146100362142,0.0,0.0,0.0,175.070297241211,0.0,0.0,235.895874023438,170.436584472656,183.288398742676,123.890453338623,146.359710693359,165.15958628935,0.0,0.0,211.693445841471,183.802942276001,0.0,0.0,209.33406829834,0.0,0.0,0.0
L_fusiform,120.942294801985,173.364602661133,161.954216664632,98.9556529141694,23.6658810727444,0.0,82.3009240454913,42.3438784092014,104.493901657104,50.5596456833053,161.394422864826,40.9750052445698,110.931287703475,92.5263858831883,31.7185439547424,182.18058013916,177.512126966455,177.144181868609,184.541898307154,99.4412184345479,150.091939334212,160.177114105225,164.397594075807,113.010735474527,191.826367696126,175.686280996314,194.979990056131,90.9326201414609,156.084493425819,131.638172551205,191.083908081055,37.1408888330547,149.5059951983,143.276822457711,0.0,197.299301147461,215.925777435303,204.048518710666,0.0,211.309304630055,201.909502301897,227.728744506836,144.70831866597,212.273793328669,0.0,200.452076866513,124.233322143555,235.847682952881,181.262447357178,214.179021199544,0.0,235.53581237793,0.0,209.693363804971,200.503036499023,187.029747009277,188.069381713867,182.950568782922,0.0,201.788623809814,219.29947265625,207.225024498834,223.899963378906,212.655059814453,242.911677042643,0.0,0.0,219.544734954834
L_inferiorparietal,37.4220781304449,190.183236122131,123.505942126622,91.2937578310434,130.314202279756,82.3009240454913,0.0,85.5180272465896,93.5649139688239,39.1577619208699,168.869820169727,138.645301855006,163.643980466402,53.428713139048,118.838326674241,176.75668504503,147.289404415216,183.52967698839,174.416460124369,144.200831125474,106.8505196323,170.61201751709,123.433298470317,92.0629265341087,183.750973628117,148.363911438494,181.731269100889,52.949866219167,112.340948890393,46.926301140333,199.409529976223,154.773890036124,111.00736043176,119.678948597212,207.742420196533,195.122868855794,202.991140311105,192.646067743716,228.736907958984,206.561250385485,188.924627266678,217.761002604167,131.464061957139,198.293360682896,235.010864257812,191.964136123657,236.199592590332,210.229743370643,226.512680053711,191.569448297674,216.889561971029,223.167993164062,228.646240234375,199.18476155599,203.557988660089,187.310122172038,198.200164794922,174.203536049437,221.868275960286,224.740730632435,210.506777637983,191.944432507391,202.548191862286,194.396987388874,238.188461303711,0.0,222.578079223633,205.848792182075
L_inferiortemporal,88.9796939959837,178.787173344539,158.384908652634,149.4416661696,54.5515851179759,42.3438784092014,85.5180272465896,0.0,151.325588505443,70.8021786821988,125.062115701345,117.949109897463,87.5168622390814,43.571586992154,80.4254524563783,184.777633666992,161.288367614285,167.653567779896,176.501667995079,131.882792182982,146.674499315374,205.395258123224,165.073357599079,143.113689409934,126.612567265828,167.503095607427,181.54525909715,132.524169703332,110.586125929333,99.2812180719657,149.658714476086,24.5527311714295,139.608528767157,147.773595266139,203.785995483398,205.658947414822,223.082479858398,220.241932955655,0.0,231.034408569336,216.23806069114,200.249084472656,165.412238263069,223.329292466905,241.454574584961,215.191503671499,131.781498432159,226.470043182373,202.268280029297,197.487411499023,233.815258789063,0.0,229.449234008789,222.6490234375,224.452850341797,224.110336303711,217.668029785156,199.044160422632,205.665237426758,219.834734235491,220.742471827139,215.728736150832,212.030277252197,198.087688446045,192.346661376953,0.0,0.0,167.726306915283
L_isthmuscingulate,112.834543863932,84.5809680104613,187.651278904506,72.6001234308961,74.4024756900848,104.493901657104,93.5649139688239,151.325588505443,0.0,112.125850966482,157.596070575714,38.7104805279749,138.945451743891,150.853253743735,35.2212301428412,146.982094077177,156.835672551935,187.238832019624,153.537134270919,86.045842107137,142.961891937256,32.4069132959917,182.414621353149,38.3564393975575,115.927991396421,159.712500772358,123.483367032625,84.046498098657,133.074678211677,114.303812713623,160.585900504634,158.61049041748,97.0159197457229,126.229378571381,133.733932495117,149.901247385386,193.134622192383,114.91020938962,129.411730766296,150.896280583647,125.081765421321,160.261393530894,27.0239620970534,136.217531303307,197.929775462431,132.940114974976,194.117423701931,147.91070040067,103.797461050528,118.683754666161,192.285422515869,197.656955295139,199.720854187012,130.251954280969,121.92195072647,61.4167876185793,132.749867525968,94.2976286059282,195.975816726685,209.149970336914,194.783507577734,121.684571568185,136.752694045441,113.40292137146,207.988509832644,208.156898498535,126.069664001465,138.065198989142
L_lateraloccipital,164.330038976669,200.87050374349,183.269115686417,33.3728080742866,149.808045005798,50.5596456833053,39.1577619208699,70.8021786821988,112.125850966482,0.0,183.877238079142,45.5814010590766,167.859655970292,79.8408975884121,116.125165505843,0.0,207.954782613118,197.566331048197,198.652008056641,35.2593021714659,191.685888926188,207.678051418728,160.727725219727,128.208230951175,202.584063720703,203.463547274255,215.363910816334,50.3753236240693,151.899931007975,183.47336062263,216.752030068255,164.694099097731,159.274221908214,135.887164424016,0.0,229.625555419922,235.029937744141,201.121316596643,201.160820007324,217.571536254883,198.73308996582,221.328189247533,143.969719012578,216.585081552905,246.652481079102,207.723049735102,201.251342773438,227.716517130534,195.675119628906,0.0,0.0,239.165252685547,0.0,211.936551552119,0.0,238.206176757812,0.0,179.196662221773,228.799368722098,243.168199157715,235.664666119744,205.20713142554,229.062412608754,244.066741943359,245.053039550781,0.0,0.0,228.144298553467
L_lateralorbitofrontal,149.152950563293,76.1815845304649,141.506510066986,193.286194602508,81.3549695752331,161.394422864826,168.869820169727,125.062115701345,157.596070575714,183.877238079142,0.0,165.794888575525,32.9976131896941,105.543880280288,149.599014431823,148.578963385688,72.3031642851976,29.0223642215117,36.1797732419132,177.086522827148,133.452182602096,113.347874661709,115.221270573324,176.005133903463,37.2751763273098,58.0763775267991,111.915021188205,185.557804401104,88.1647310434785,152.44530657959,62.5868677961717,83.4030142894782,141.43028318882,28.570074950174,0.0,114.669216774605,184.740777333577,224.433013916016,224.004272460938,247.4150390625,234.043071746826,201.907516479492,198.614547142616,0.0,93.1235605635733,234.971755981445,105.494748167289,111.324412027995,224.879196166992,212.455673217773,177.159621238708,149.312821960449,164.300172593859,237.548828125,0.0,145.486744689941,234.003387451172,224.387851368297,98.8787391950499,148.72802067202,148.597046926013,230.663078894982,187.989837646484,216.649940490723,129.765787287276,155.275699615479,0.0,102.125240196616
L_lingual,170.974317110502,141.471902170489,218.237602233887,61.6247565208274,84.1388095959677,40.9750052445698,138.645301855006,117.949109897463,38.7104805279749,45.5814010590766,165.794888575525,0.0,143.34870356824,137.017626933399,35.9954004707996,197.053245544434,181.107225036621,183.370909613532,192.444140014648,30.9355416004059,220.572738647461,101.399790900094,227.059473673503,34.3016204166348,175.276857933631,188.857005677009,188.841678653445,79.4825665142165,150.673429866295,175.730684443883,189.557092641855,143.892740581347,166.18271446228,139.418755239548,0.0,205.755340576172,0.0,188.668879069254,203.814018249512,207.627482781043,197.052598317464,225.686551411947,138.1362850536,213.402749723254,240.101280212402,169.701407658056,158.395454406738,229.204115125868,164.155009183017,137.238510131836,0.0,236.894821166992,213.071929931641,203.281289595145,187.928166707357,173.683822631836,0.0,172.149746729855,237.375366210938,223.581886740292,225.585360717773,198.513330165457,226.679089864095,136.401092529297,221.212471008301,242.487442016602,0.0,222.593592325846
L_medialorbitofrontal,0.0,68.4219878956676,153.732805252075,173.549071238591,44.1971345043822,110.931287703475,163.643980466402,87.5168622390814,138.945451743891,167.859655970292,32.9976131896941,143.34870356824,0.0,90.2138580161256,153.920542969996,138.139305018171,143.578273773193,122.271687507629,145.010956708123,155.759589214714,150.35200881958,112.927071896502,173.869036865234,156.028829326544,28.5571977148819,96.9328176277728,45.1440206826308,174.141756572421,87.1892841789727,143.05936050415,30.1123237048682,58.70354953382,0.0,31.581110274818,0.0,101.721246139913,0.0,0.0,0.0,185.027549743652,226.91471862793,173.013118320041,191.394892092104,230.035533905029,106.515376091003,179.164726257324,97.8939672285708,185.689935811361,214.52633972168,186.763305664062,180.550263977051,141.723782972856,169.466091700963,236.944801330566,0.0,147.428203900655,221.160709381104,204.652333773099,98.2580610358197,142.667070790791,131.8535802379,213.432562255859,157.276211602347,0.0,121.759920169606,145.081574707031,0.0,113.035384850424
L_middletemporal,41.6840552301784,150.6198924138,146.251276024379,158.367033682463,120.275633811951,92.5263858831883,53.428713139048,43.571586992154,150.853253743735,79.8408975884121,105.543880280288,137.017626933399,90.2138580161256,0.0,119.323726654053,166.598563058036,148.025876867654,148.883331348209,168.037080595228,143.627110001308,141.555157049378,177.893527076358,156.938209174191,155.573017505331,101.019351457295,152.290508611373,170.05262317565,145.245276679202,52.8063961899723,81.3518354857242,138.381084907346,35.7308378259637,141.76280320209,118.674831404457,208.33935546875,202.329879760742,192.228221348354,221.091487884521,0.0,240.097498575846,209.317533493042,0.0,170.949284023709,229.873288668119,206.682693481445,207.501880221897,194.843458993094,222.329721450806,238.637893676758,234.271095275879,222.327677408854,207.050521850586,223.005554199219,233.301128387451,201.665025499132,187.893771362305,158.6103515625,198.767764148816,197.682894897461,216.006476315585,208.54545045809,202.159013709243,210.067038642036,194.535565694173,206.946896870931,0.0,0.0,206.768954806858
L_parahippocampal,193.00129699707,119.110865993354,180.930038452148,99.9535907709931,30.8571892176901,31.7185439547424,118.838326674241,80.4254524563783,35.2212301428412,116.125165505843,149.599014431823,35.9954004707996,153.920542969996,119.323726654053,0.0,200.253091430664,200.07640838623,166.146082560221,185.219171142578,90.7684508393251,220.047515869141,82.1116912841797,146.960556030273,68.7890869515574,145.082868441729,180.857206583023,153.352088136792,112.698164663007,147.038916609022,146.653257751465,178.372698465983,78.7552526262071,121.569198608398,130.654912567139,0.0,197.885650634766,0.0,173.221593856812,110.651573181152,192.579554966518,172.604114532471,176.121410369873,107.103910366694,185.820295061384,198.835037231445,172.082948164506,212.973171234131,178.260314941406,116.140121459961,144.618034811581,0.0,0.0,0.0,197.007583618164,149.193284254808,86.6243101755778,154.855331420898,141.97866287765,209.38801574707,224.482854207357,213.432378595526,161.864198129388,177.556541442871,197.797402954102,234.619440714518,0.0,174.469718933105,143.604789733887
L_paracentral,192.579765319824,86.9210751273415,118.901725734676,0.0,0.0,182.18058013916,176.75668504503,184.777633666992,146.982094077177,0.0,148.578963385688,197.053245544434,138.139305018171,166.598563058036,200.253091430664,0.0,126.460822573575,177.22693157196,149.799662511489,0.0,29.2361539341106,44.287587865399,30.5454921591303,30.6080546476336,115.184996903545,135.74594323332,39.0745137932534,38.7634503379857,162.413146972656,139.808814083237,154.432246526082,152.882364908854,180.639120483398,129.133186340332,0.0,146.568162397905,153.274767104228,0.0,0.0,199.813613891602,199.023396519252,191.324362182617,153.236473083496,211.484725952148,197.032476806641,0.0,193.564624786377,187.22703904372,0.0,115.874655844513,173.940291171604,211.284075419108,182.941405012801,0.0,146.956938573351,80.6044826633052,136.267598537112,144.258330427862,169.325569152832,173.465243166592,128.916115976834,157.966167020126,177.249451599121,154.817917271664,218.442481994629,0.0,0.0,165.414493854229
L_parsopercularis,141.565903289409,97.3992659322331,65.1441836642945,229.124176025391,74.7243296305339,177.512126966455,147.289404415216,161.288367614285,156.835672551935,207.954782613118,72.3031642851976,181.107225036621,143.578273773193,148.025876867654,200.07640838623,126.460822573575,0.0,88.1011814273665,36.2781496365381,197.394359588623,92.7983592448027,92.6089266952203,44.2451429879764,142.908291604235,143.086199522018,52.7672694538875,94.0144269126649,129.696706728119,126.985743926413,107.003113614212,158.093894958496,113.30566444397,127.450619309037,45.1963618906462,0.0,135.634584455348,149.955011194403,0.0,0.0,230.372619628906,207.479977416992,224.933410644531,185.165557861328,0.0,212.252309163411,0.0,212.325283050537,229.11164855957,0.0,186.246283897987,160.685044488242,189.456316630046,163.805715979599,0.0,193.697956085205,167.654428693983,193.681184091876,196.638728496457,150.357328796387,156.381680972612,151.185259842055,211.575432913644,223.975671386719,206.214460100446,186.468064880371,0.0,0.0,181.949337352406
L_parsorbitalis,178.291256644509,87.8532324109759,129.402842977773,204.637027242909,120.303916931152,177.144181868609,183.52967698839,167.653567779896,187.238832019624,197.566331048197,29.0223642215117,183.370909613532,122.271687507629,148.883331348209,166.146082560221,177.22693157196,88.1011814273665,0.0,36.1983642986698,188.84303855896,149.618563426625,137.004125065274,131.001381292043,187.88739991188,91.4203515217222,37.7813892863945,115.211569011688,195.235693031382,150.074206926965,164.335731546502,90.3752127708273,113.502447801478,157.645102127739,78.51248352118,0.0,139.034063127306,174.522677612305,0.0,0.0,184.44970703125,236.978843688965,0.0,196.529743739537,0.0,131.993761582808,0.0,127.056640625,183.733609008789,0.0,194.056907653809,179.777245955034,124.754055893212,146.147153120774,0.0,212.98405456543,218.642710367839,204.889926147461,231.358382415771,109.978092956543,137.004270477003,141.050258051099,244.911895751953,203.663055419922,231.752655029297,133.19647023764,170.313659667969,0.0,150.233945673162
L_parstriangularis,160.450195580198,73.3594974941678,104.026016063059,209.873204231262,0.0,184.541898307154,174.416460124369,176.501667995079,153.537134270919,198.652008056641,36.1797732419132,192.444140014648,145.010956708123,168.037080595228,185.219171142578,149.799662511489,36.2781496365381,36.1983642986698,0.0,195.842742919922,135.240595857502,106.521636464237,111.251526739332,163.651000529322,86.6722478686639,46.7001799821407,109.97159738326,165.11252987323,149.75991931048,141.788129784154,120.7194277007,120.819699605306,143.651358273155,50.1061763758733,206.133483886719,115.470106247933,165.225265884399,0.0,0.0,0.0,223.157614135742,0.0,204.332315298227,0.0,170.968482971191,219.706253051758,175.565972761674,234.961629231771,0.0,200.532603337215,158.912200849883,138.883135689629,148.009461857722,0.0,213.850631713867,184.285077608549,204.798523612644,210.415115979253,127.255639394124,141.240840508295,144.464603304614,222.07745713454,235.158032226563,229.339447021484,167.130185002866,0.0,238.978958129883,163.918814765082
L_pericalcarine,159.155356513129,190.316370646159,202.223459879557,24.2319246063658,120.62288482666,99.4412184345479,144.200831125474,131.882792182982,86.045842107137,35.2593021714659,177.086522827148,30.9355416004059,155.759589214714,143.627110001308,90.7684508393251,0.0,197.394359588623,188.84303855896,195.842742919922,0.0,199.398773193359,210.698849995931,191.126113891602,38.7237840372642,195.042936845259,195.546542404872,205.229661619508,44.3132841091001,146.910876530288,192.345010262949,208.472694396973,151.497023991176,154.037443433489,132.472026824951,0.0,0.0,0.0,140.436194957529,186.37032863072,212.177120148189,189.581029707386,210.499208623713,123.116097059005,203.210149692949,0.0,193.001525482001,242.585983276367,216.561021592882,175.085384792752,245.608001708984,0.0,0.0,0.0,196.04750775534,0.0,111.114013671875,0.0,161.006339835643,223.891118367513,237.161280314128,229.391098022461,167.604603198582,222.313464078036,189.964866638184,0.0,0.0,0.0,217.507055664063
L_postcentral,145.180871714716,137.889121111702,87.7266448664247,148.143417358398,129.314144134521,150.091939334212,106.8505196323,146.674499315374,142.961891937256,191.685888926188,133.452182602096,220.572738647461,150.35200881958,141.555157049378,220.047515869141,29.2361539341106,92.7983592448027,149.618563426625,135.240595857502,199.398773193359,0.0,97.8661792702871,40.7641439736549,86.3963646429394,151.880784254808,120.152780634653,104.920862902952,41.8795494960341,117.246622922844,36.6321687642357,201.183909098307,134.884193897247,88.1990462110086,57.4422422326484,177.595108032227,164.574178255521,174.547253484311,0.0,0.0,204.994033813477,205.490809721105,204.950715637207,150.41445795695,171.759963989258,201.155731201172,0.0,0.0,192.320525360107,0.0,146.148403536889,194.665477207729,213.30085144043,217.858847045898,0.0,163.194232759022,113.900951829067,164.922806110788,163.692024641968,189.353703816732,198.404452311198,169.00944403408,171.792744466703,171.616724187678,162.269600888516,226.701309204102,0.0,156.065479278564,177.094778442383
L_posteriorcingulate,130.999526977539,53.3610762419887,126.370190938314,99.2627601623535,102.875533470741,160.177114105225,170.61201751709,205.395258123224,32.4069132959917,207.678051418728,113.347874661709,101.399790900094,112.927071896502,177.893527076358,82.1116912841797,44.287587865399,92.6089266952203,137.004125065274,106.521636464237,210.698849995931,97.8661792702871,0.0,110.460264045774,45.6668222462575,87.1368323408825,111.500654565877,57.0530986835424,95.2001266320546,157.629061889648,150.677191495895,121.884525579565,163.30200441422,153.78510538737,113.056635918555,156.428722381592,82.7770805832342,153.043829730738,0.0,0.0,170.243347167969,174.045298489657,205.655904134115,109.639225333078,0.0,164.339628922312,0.0,167.411972575105,177.710076071999,0.0,76.0055214394498,146.049189179519,174.675721775402,169.887628136612,0.0,113.271965509729,36.3495674160758,117.393350641778,117.652217464802,130.751888783773,157.518653597798,124.976656390422,131.208509046766,178.873342514038,140.777456383956,177.125691543391,0.0,131.735626220703,146.396242041337
L_precentral,170.788388933454,128.233626082137,48.079526885479,157.57829284668,109.566251118978,164.397594075807,123.433298470317,165.073357599079,182.414621353149,160.727725219727,115.221270573324,227.059473673503,173.869036865234,156.938209174191,146.960556030273,30.5454921591303,44.2451429879764,131.001381292043,111.251526739332,191.126113891602,40.7641439736549,110.460264045774,0.0,121.99487880928,150.404973543607,101.669587114674,61.4770164707311,91.3056491740906,135.641819803749,79.4242867643183,184.307459050959,110.566258285985,110.415409858074,51.4382609199647,212.609120686849,165.108488464355,159.702024365148,0.0,0.0,246.1611328125,201.740272945828,201.301249186198,167.250659179687,233.430938720703,0.0,0.0,214.466453552246,187.366724650065,0.0,132.849521313351,184.566411460318,215.075466156006,209.508845329285,0.0,162.802263878829,111.071770042501,151.924204350861,165.981867938248,172.845588684082,192.218937442993,148.053579409519,179.870774982356,189.067243135892,167.373423099518,218.958302815755,0.0,0.0,170.828109741211
L_precuneus,138.693283081055,98.3464072547802,144.044931855592,28.2989640144873,93.7381202492248,113.010735474527,92.0629265341087,143.113689409934,38.3564393975575,128.208230951175,176.005133903463,34.3016204166348,156.028829326544,155.573017505331,68.7890869515574,30.6080546476336,142.908291604235,187.88739991188,163.651000529322,38.7237840372642,86.3963646429394,45.6668222462575,121.99487880928,0.0,132.274507152942,157.422768813496,112.50124253278,38.0612398801067,130.675680530293,120.57271333109,174.505942208426,170.089378581328,107.048498647676,122.786970307342,171.729880041006,168.216365713822,185.387962613787,154.232553195109,161.314896323464,189.891246298085,167.232437141736,192.280942200096,85.7356391482883,172.425549494077,223.843185424805,161.817710902327,208.272908528646,182.832205840264,149.549098386603,136.757554785606,195.458814354245,225.336291082974,209.543947007921,163.918048039536,150.788790024259,99.1171548236069,159.539934805992,135.276930406002,197.146934509277,197.671523151873,173.902082001199,156.675810510535,173.370895839146,151.487163975387,220.505726781385,217.728870391846,160.457987317852,173.465947151184
L_rostralanteriorcingulate,0.0,30.4153982988836,153.240122014826,217.424205235073,143.187703026666,191.826367696126,183.750973628117,126.612567265828,115.927991396421,202.584063720703,37.2751763273098,175.276857933631,28.5571977148819,101.019351457295,145.082868441729,115.184996903545,143.086199522018,91.4203515217222,86.6722478686639,195.042936845259,151.880784254808,87.1368323408825,150.404973543607,132.274507152942,0.0,83.1271786569799,42.7763774302336,185.965931256612,94.8463048681749,177.008134629991,69.5805158699508,89.7340664787089,129.515384674072,62.3445680493214,0.0,52.7935652761345,211.474568684896,242.829498291016,0.0,209.744064331055,204.959732055664,142.480454762777,152.25271435638,197.154993057251,82.1751631728741,211.359771728516,69.7748781374771,162.302799987793,190.115623474121,182.760004679362,154.295571463449,109.972298447804,130.123215266636,211.864768981934,195.062338692801,123.171134185791,203.731959751674,198.798446655273,51.557251100086,115.081309051663,94.6819197563497,217.503005981445,129.203687733617,186.877624511719,104.682102631271,137.166760164149,0.0,78.0918974558512
L_rostralmiddlefrontal,156.057694987886,80.1773656312689,53.9427354518877,209.497674107552,154.41087940761,175.686280996314,148.363911438494,167.503095607427,159.712500772358,203.463547274255,58.0763775267991,188.857005677009,96.9328176277728,152.290508611373,180.857206583023,135.74594323332,52.7672694538875,37.7813892863945,46.7001799821407,195.546542404872,120.152780634653,111.500654565877,101.669587114674,157.422768813496,83.1271786569799,0.0,62.668319326224,151.234454904728,150.423392055134,135.016126769285,41.6383858853458,119.090801142439,166.274199990665,108.618233008532,219.457473754883,116.140131854231,144.879591591239,238.563674926758,0.0,221.333531697591,216.164186383238,211.447236197335,199.900562066298,231.476043701172,137.089046782511,235.099532063802,127.947930998455,208.248259252431,211.068588256836,184.263465171637,151.475170820773,129.211633712526,147.37779928729,243.717727661133,206.412960412367,169.013877400181,192.325309809107,202.417257531897,112.275641410359,135.720375561219,134.603074842952,213.473545455933,206.577689226936,204.334172566732,140.084166185784,201.308303833008,187.251159667969,155.453610407842
L_superiorfrontal,172.689369738941,36.1407815025389,41.1168446745047,218.969272528754,177.841449222049,194.979990056131,181.731269100889,181.54525909715,123.483367032625,215.363910816334,111.915021188205,188.841678653445,45.1440206826308,170.05262317565,153.352088136792,39.0745137932534,94.0144269126649,115.211569011688,109.97159738326,205.229661619508,104.920862902952,57.0530986835424,61.4770164707311,112.50124253278,42.7763774302336,62.668319326224,0.0,114.365212727962,163.484721794883,147.91961868471,34.1491060074787,136.824935845569,168.319490952925,104.746255532524,201.719794640174,97.2520203626517,131.916138319752,0.0,236.417419433594,216.449060228136,187.84307244873,207.213332420172,193.121391440338,218.747131347656,146.122657625299,238.386432423311,130.167768105528,199.113621628075,214.700286865234,127.488773240658,141.147682785097,140.033163210969,152.396494406114,231.709243774414,176.56553309614,115.295869358104,148.355188459741,164.810125219695,107.373801075405,137.557188223473,122.058093707391,182.016944303232,202.716608358613,189.993909880589,142.941570508181,187.86222905698,200.477863311768,147.439742862828
L_superiorparietal,159.799508463542,151.305465698242,107.361477431442,31.4549400440283,145.713433239911,90.9326201414609,52.949866219167,132.524169703332,84.046498098657,50.3753236240693,185.557804401104,79.4825665142165,174.141756572421,145.245276679202,112.698164663007,38.7634503379857,129.696706728119,195.235693031382,165.11252987323,44.3132841091001,41.8795494960341,95.2001266320546,91.3056491740906,38.0612398801067,185.965931256612,151.234454904728,114.365212727962,0.0,137.79483952231,61.2201053986927,217.937057495117,175.662660248426,108.752144844202,109.226022387675,181.503353754679,191.721688632307,194.290393718238,187.624168437162,197.941544966264,206.647381486564,181.045134157316,200.790844000659,118.540857360763,204.283297021962,229.873346182016,195.480271060292,237.213302612305,192.690842078714,191.081841902299,152.986034938267,204.105729626071,225.725521087646,220.192359924316,199.009168991676,164.602223045558,130.901744921183,176.78225864657,157.856787618468,208.971992492676,214.445916284489,175.590881910373,178.269113454708,185.883872824655,163.773074925042,225.879257202148,219.599990844727,172.689160746913,182.636583105918
L_superiortemporal,34.16889460285,149.215272803056,159.865955956081,151.36672644043,179.986221313477,156.084493425819,112.340948890393,110.586125929333,133.074678211677,151.899931007975,88.1647310434785,150.673429866295,87.1892841789727,52.8063961899723,147.038916609022,162.413146972656,126.985743926413,150.074206926965,149.75991931048,146.910876530288,117.246622922844,157.629061889648,135.641819803749,130.675680530293,94.8463048681749,150.423392055134,163.484721794883,137.79483952231,0.0,49.6426026801154,126.18534171063,32.4216449070195,32.2874409498958,54.9247558802458,206.982917785645,176.144919259208,217.181800842285,218.920926411947,0.0,222.944076538086,210.666160583496,216.080407714844,156.057027220726,217.503415621244,194.246820449829,184.314468383789,177.622049119737,206.507342338562,210.595802307129,188.511322021484,196.818308049982,176.244945526123,194.890873500279,224.207443237305,182.680695817277,162.086318016052,212.987683105469,186.964589236602,149.679025014242,210.081216617506,199.867362527286,194.505237546174,195.332541188886,188.532857259115,205.824640274048,0.0,191.79518737793,183.202411358173
L_supramarginal,53.7321874326052,163.49917755127,115.325795743072,187.68106115432,0.0,131.638172551205,46.926301140333,99.2812180719657,114.303812713623,183.47336062263,152.44530657959,175.730684443883,143.05936050415,81.3518354857242,146.653257751465,139.808814083237,107.003113614212,164.335731546502,141.788129784154,192.345010262949,36.6321687642357,150.677191495895,79.4242867643183,120.57271333109,177.008134629991,135.016126769285,147.91961868471,61.2201053986927,49.6426026801154,0.0,181.733790806362,143.053068741508,57.2000804933111,62.0936732503117,196.323020935059,184.382169451032,202.201418276186,0.0,0.0,218.906585693359,179.819666544596,198.812276666815,130.513039827347,217.764709472656,0.0,195.773948669434,191.498443603516,194.515109107608,0.0,172.992874145508,213.251549530029,232.253726959229,227.433074951172,0.0,166.114825855602,147.408620357513,203.865107218424,161.143488135144,228.355951944987,211.498922109604,205.560688401934,169.776672234406,185.503679102117,166.575175318225,241.928039550781,0.0,181.788421630859,183.634906344944
L_frontalpole,215.65119934082,92.8602081186631,141.187872568766,217.32550684611,131.337355295817,191.083908081055,199.409529976223,149.658714476086,160.585900504634,216.752030068255,62.5868677961717,189.557092641855,30.1123237048682,138.381084907346,178.372698465983,154.432246526082,158.093894958496,90.3752127708273,120.7194277007,208.472694396973,201.183909098307,121.884525579565,184.307459050959,174.505942208426,69.5805158699508,41.6383858853458,34.1491060074787,217.937057495117,126.18534171063,181.733790806362,0.0,125.892266803318,198.107971191406,100.730054494497,248.029602050781,152.421662285214,245.822006225586,0.0,0.0,0.0,236.026184082031,241.625473022461,196.232244638296,0.0,132.018745204381,242.171989440918,117.836925152651,211.734673394097,0.0,168.731857299805,159.360068321228,139.563511621384,157.091899447971,0.0,228.386520385742,168.156898498535,210.579536437988,223.595105489095,113.619333962137,141.983646137334,137.214884341751,0.0,211.09515953064,247.859771728516,133.608232968252,202.209817886353,0.0,161.195182506855
L_temporalpole,128.262321472168,123.505711555481,147.18627966018,178.582181604897,9.8653741169497,37.1408888330547,154.773890036124,24.5527311714295,158.61049041748,164.694099097731,83.4030142894782,143.892740581347,58.70354953382,35.7308378259637,78.7552526262071,152.882364908854,113.30566444397,113.502447801478,120.819699605306,151.497023991176,134.884193897247,163.30200441422,110.566258285985,170.089378581328,89.7340664787089,119.090801142439,136.824935845569,175.662660248426,32.4216449070195,143.053068741508,125.892266803318,0.0,161.476863098145,25.0648465910013,0.0,244.718276977539,172.343246459961,234.09659576416,0.0,0.0,223.718780517578,0.0,162.157815551758,0.0,166.983127593994,0.0,183.155284979405,0.0,0.0,0.0,173.877883911133,0.0,0.0,0.0,0.0,0.0,0.0,219.286466810438,201.832646687826,209.641090393066,192.167462966021,219.667953491211,171.54264831543,0.0,200.427551269531,0.0,0.0,158.298922729492
L_transversetemporal,102.223323080275,0.0,161.391732006538,131.802169799805,163.763122558594,149.5059951983,111.00736043176,139.608528767157,97.0159197457229,159.274221908214,141.43028318882,166.18271446228,0.0,141.76280320209,121.569198608398,180.639120483398,127.450619309037,157.645102127739,143.651358273155,154.037443433489,88.1990462110086,153.78510538737,110.415409858074,107.048498647676,129.515384674072,166.274199990665,168.319490952925,108.752144844202,32.2874409498958,57.2000804933111,198.107971191406,161.476863098145,0.0,35.9777557765727,156.753204345703,0.0,0.0,167.238876342773,0.0,248.024703979492,223.464900970459,227.086944580078,138.904476710728,222.906775338309,0.0,202.233932495117,0.0,211.497571672712,0.0,188.467395782471,0.0,0.0,0.0,190.168518066406,172.488940429687,0.0,225.291275024414,175.663820290867,0.0,225.394444783529,212.354682074653,187.549905330577,212.342737833659,216.961810302734,222.471710205078,0.0,153.33837890625,200.884002685547
L_insula,130.775745947384,91.9037491191517,113.854551941706,136.690844571149,15.0633417388083,143.276822457711,119.678948597212,147.773595266139,126.229378571381,135.887164424016,28.570074950174,139.418755239548,31.581110274818,118.674831404457,130.654912567139,129.133186340332,45.1963618906462,78.51248352118,50.1061763758733,132.472026824951,57.4422422326484,113.056635918555,51.4382609199647,122.786970307342,62.3445680493214,108.618233008532,104.746255532524,109.226022387675,54.9247558802458,62.0936732503117,100.730054494497,25.0648465910013,35.9777557765727,0.0,198.643890380859,133.246222813924,153.31640461513,209.280128479004,0.0,202.576171875,197.457235897289,215.155422210693,172.11894789986,220.859119415283,176.917510986328,232.174235026042,134.830674277412,231.25666809082,240.34635925293,181.05477142334,178.191376906175,174.143737792969,161.83905519758,0.0,188.603802490234,159.215553283691,194.45866394043,180.778016784668,128.992242601183,154.617686345027,152.818770566033,192.517584046321,187.975789388021,182.537344614665,193.883163452148,0.0,229.271057128906,184.708358764648
R_bankssts,0.0,0.0,198.274332682292,243.24201965332,0.0,0.0,207.742420196533,203.785995483398,133.733932495117,0.0,0.0,0.0,0.0,208.33935546875,0.0,0.0,0.0,0.0,206.133483886719,0.0,177.595108032227,156.428722381592,212.609120686849,171.729880041006,0.0,219.457473754883,201.719794640174,181.503353754679,206.982917785645,196.323020935059,248.029602050781,0.0,156.753204345703,198.643890380859,0.0,151.865079879761,173.052329106117,130.119837079729,165.707973480225,135.432414484959,48.0218318914733,103.440174011716,107.490262490732,131.809670461735,157.467759268624,171.044144153595,0.0,41.1865349331688,155.017715454102,102.446744918823,134.880574852038,152.979959106445,143.156118270454,140.350598261907,132.725875037057,124.119069417318,144.321702704372,119.683180745443,0.0,157.008351919288,162.489448688648,124.136158182965,29.6570476656929,47.3307191101164,198.634155273438,160.181930541992,70.5937893125746,113.071535500613
R_caudalanteriorcingulate,182.975280761719,53.2299640912276,139.838212227335,216.618286132812,174.403274536133,197.299301147461,195.122868855794,205.658947414822,149.901247385386,229.625555419922,114.669216774605,205.755340576172,101.721246139913,202.329879760742,197.885650634766,146.568162397905,135.634584455348,139.034063127306,115.470106247933,0.0,164.574178255521,82.7770805832342,165.108488464355,168.216365713822,52.7935652761345,116.140131854231,97.2520203626517,191.721688632307,176.144919259208,184.382169451032,152.421662285214,244.718276977539,0.0,133.246222813924,151.865079879761,0.0,123.610960578918,221.714767456055,156.781491385566,181.740295410156,166.327506171332,171.570697784424,87.0055851044694,0.0,70.3319029671805,119.910276412964,61.4668398250935,165.69792175293,130.585618878355,71.8873450267164,76.6880660396052,102.481524603707,85.3958592537122,0.0,135.013469848633,39.0314737624532,146.001934289932,94.2276912650113,28.0221184078256,80.7218226121792,38.2247879059388,138.605527877808,156.031903403146,140.461773143095,109.183238000581,144.9583467756,127.688865661621,74.0467244478372
