,7Networks_LH_Vis_1,7Networks_LH_Vis_2,7Networks_LH_Vis_3,7Networks_LH_Vis_4,7Networks_LH_Vis_5,7Networks_LH_Vis_6,7Networks_LH_Vis_7,7Networks_LH_Vis_8,7Networks_LH_Vis_9,7Networks_LH_Vis_10,7Networks_LH_Vis_11,7Networks_LH_Vis_12,7Networks_LH_Vis_13,7Networks_LH_Vis_14,7Networks_LH_SomMot_1,7Networks_LH_SomMot_2,7Networks_LH_SomMot_3,7Networks_LH_SomMot_4,7Networks_LH_SomMot_5,7Networks_LH_SomMot_6,7Networks_LH_SomMot_7,7Networks_LH_SomMot_8,7Networks_LH_SomMot_9,7Networks_LH_SomMot_10,7Networks_LH_SomMot_11,7Networks_LH_SomMot_12,7Networks_LH_SomMot_13,7Networks_LH_SomMot_14,7Networks_LH_SomMot_15,7Networks_LH_SomMot_16,7Networks_LH_DorsAttn_Post_1,7Networks_LH_DorsAttn_Post_2,7Networks_LH_DorsAttn_Post_3,7Networks_LH_DorsAttn_Post_4,7Networks_LH_DorsAttn_Post_5,7Networks_LH_DorsAttn_Post_6,7Networks_LH_DorsAttn_Post_7,7Networks_LH_DorsAttn_Post_8,7Networks_LH_DorsAttn_Post_9,7Networks_LH_DorsAttn_Post_10,7Networks_LH_DorsAttn_FEF_1,7Networks_LH_DorsAttn_FEF_2,7Networks_LH_DorsAttn_PrCv_1,7Networks_LH_SalVentAttn_ParOper_1,7Networks_LH_SalVentAttn_ParOper_2,7Networks_LH_SalVentAttn_ParOper_3,7Networks_LH_SalVentAttn_FrOperIns_1,7Networks_LH_SalVentAttn_FrOperIns_2,7Networks_LH_SalVentAttn_FrOperIns_3,7Networks_LH_SalVentAttn_FrOperIns_4,7Networks_LH_SalVentAttn_PFCl_1,7Networks_LH_SalVentAttn_Med_1,7Networks_LH_SalVentAttn_Med_2,7Networks_LH_SalVentAttn_Med_3,7Networks_LH_Limbic_OFC_1,7Networks_LH_Limbic_OFC_2,7Networks_LH_Limbic_TempPole_1,7Networks_LH_Limbic_TempPole_2,7Networks_LH_Limbic_TempPole_3,7Networks_LH_Limbic_TempPole_4,7Networks_LH_Cont_Par_1,7Networks_LH_Cont_Par_2,7Networks_LH_Cont_Par_3,7Networks_LH_Cont_Temp_1,7Networks_LH_Cont_OFC_1,7Networks_LH_Cont_PFCl_1,7Networks_LH_Cont_PFCl_2,7Networks_LH_Cont_PFCl_3,7Networks_LH_Cont_PFCl_4,7Networks_LH_Cont_PFCl_5,7Networks_LH_Cont_pCun_1,7Networks_LH_Cont_Cing_1,7Networks_LH_Cont_Cing_2,7Networks_LH_Default_Temp_1,7Networks_LH_Default_Temp_2,7Networks_LH_Default_Temp_3,7Networks_LH_Default_Temp_4,7Networks_LH_Default_Temp_5,7Networks_LH_Default_Par_1,7Networks_LH_Default_Par_2,7Networks_LH_Default_Par_3,7Networks_LH_Default_Par_4,7Networks_LH_Default_PFC_1,7Networks_LH_Default_PFC_2,7Networks_LH_Default_PFC_3,7Networks_LH_Default_PFC_4,7Networks_LH_Default_PFC_5,7Networks_LH_Default_PFC_6,7Networks_LH_Default_PFC_7,7Networks_LH_Default_PFC_8,7Networks_LH_Default_PFC_9,7Networks_LH_Default_PFC_10,7Networks_LH_Default_PFC_11,7Networks_LH_Default_PFC_12,7Networks_LH_Default_PFC_13,7Networks_LH_Default_pCunPCC_1,7Networks_LH_Default_pCunPCC_2,7Networks_LH_Default_pCunPCC_3,7Networks_LH_Default_pCunPCC_4,7Networks_LH_Default_PHC_1,7Networks_RH_Vis_1,7Networks_RH_Vis_2,7Networks_RH_Vis_3,7Networks_RH_Vis_4,7Networks_RH_Vis_5,7Networks_RH_Vis_6,7Networks_RH_Vis_7,7Networks_RH_Vis_8,7Networks_RH_Vis_9,7Networks_RH_Vis_10,7Networks_RH_Vis_11,7Networks_RH_Vis_12,7Networks_RH_Vis_13,7Networks_RH_Vis_14,7Networks_RH_Vis_15,7Networks_RH_SomMot_1,7Networks_RH_SomMot_2,7Networks_RH_SomMot_3,7Networks_RH_SomMot_4,7Networks_RH_SomMot_5,7Networks_RH_SomMot_6,7Networks_RH_SomMot_7,7Networks_RH_SomMot_8,7Networks_RH_SomMot_9,7Networks_RH_SomMot_10,7Networks_RH_SomMot_11,7Networks_RH_SomMot_12,7Networks_RH_SomMot_13,7Networks_RH_SomMot_14,7Networks_RH_SomMot_15,7Networks_RH_SomMot_16,7Networks_RH_SomMot_17,7Networks_RH_SomMot_18,7Networks_RH_SomMot_19,7Networks_RH_DorsAttn_Post_1,7Networks_RH_DorsAttn_Post_2,7Networks_RH_DorsAttn_Post_3,7Networks_RH_DorsAttn_Post_4,7Networks_RH_DorsAttn_Post_5,7Networks_RH_DorsAttn_Post_6,7Networks_RH_DorsAttn_Post_7,7Networks_RH_DorsAttn_Post_8,7Networks_RH_DorsAttn_Post_9,7Networks_RH_DorsAttn_Post_10,7Networks_RH_DorsAttn_FEF_1,7Networks_RH_DorsAttn_FEF_2,7Networks_RH_DorsAttn_PrCv_1,7Networks_RH_SalVentAttn_TempOccPar_1,7Networks_RH_SalVentAttn_TempOccPar_2,7Networks_RH_SalVentAttn_TempOccPar_3,7Networks_RH_SalVentAttn_PrC_1,7Networks_RH_SalVentAttn_FrOperIns_1,7Networks_RH_SalVentAttn_FrOperIns_2,7Networks_RH_SalVentAttn_FrOperIns_3,7Networks_RH_SalVentAttn_FrOperIns_4,7Networks_RH_SalVentAttn_Med_1,7Networks_RH_SalVentAttn_Med_2,7Networks_RH_SalVentAttn_Med_3,7Networks_RH_Limbic_OFC_1,7Networks_RH_Limbic_OFC_2,7Networks_RH_Limbic_OFC_3,7Networks_RH_Limbic_TempPole_1,7Networks_RH_Limbic_TempPole_2,7Networks_RH_Limbic_TempPole_3,7Networks_RH_Cont_Par_1,7Networks_RH_Cont_Par_2,7Networks_RH_Cont_Par_3,7Networks_RH_Cont_Temp_1,7Networks_RH_Cont_PFCv_1,7Networks_RH_Cont_PFCl_1,7Networks_RH_Cont_PFCl_2,7Networks_RH_Cont_PFCl_3,7Networks_RH_Cont_PFCl_4,7Networks_RH_Cont_PFCl_5,7Networks_RH_Cont_PFCl_6,7Networks_RH_Cont_PFCl_7,7Networks_RH_Cont_pCun_1,7Networks_RH_Cont_Cing_1,7Networks_RH_Cont_Cing_2,7Networks_RH_Cont_PFCmp_1,7Networks_RH_Cont_PFCmp_2,7Networks_RH_Default_Par_1,7Networks_RH_Default_Par_2,7Networks_RH_Default_Par_3,7Networks_RH_Default_Temp_1,7Networks_RH_Default_Temp_2,7Networks_RH_Default_Temp_3,7Networks_RH_Default_Temp_4,7Networks_RH_Default_Temp_5,7Networks_RH_Default_PFCv_1,7Networks_RH_Default_PFCdPFCm_1,7Networks_RH_Default_PFCdPFCm_2,7Networks_RH_Default_PFCdPFCm_3,7Networks_RH_Default_PFCdPFCm_4,7Networks_RH_Default_PFCdPFCm_5,7Networks_RH_Default_PFCdPFCm_6,7Networks_RH_Default_PFCdPFCm_7,7Networks_RH_Default_pCunPCC_1,7Networks_RH_Default_pCunPCC_2,7Networks_RH_Default_pCunPCC_3
7Networks_LH_Vis_1,0.0,5768.0,700.0,3813.0,403.0,1446.0,637.0,688.0,72.0,566.0,243.0,84.0,991.0,905.0,26.0,16.0,2.0,0.0,0.0,0.0,1.0,3.0,0.0,0.0,3.0,0.0,0.0,0.0,0.0,1.0,1319.0,45.0,168.0,0.0,0.0,2.0,169.0,9.0,5.0,1.0,2.0,0.0,0.0,3.0,1.0,0.0,29.0,4.0,1.0,1.0,7.0,4.0,1.0,0.0,49.0,134.0,581.0,788.0,45.0,6.0,3.0,12.0,0.0,26.0,85.0,26.0,10.0,7.0,2.0,1.0,16.0,3.0,2.0,159.0,127.0,62.0,12.0,3.0,9.0,276.0,5.0,59.0,41.0,2.0,4.0,78.0,2.0,14.0,18.0,9.0,0.0,1.0,4.0,1.0,0.0,308.0,15.0,3.0,4.0,5086.0,0.0,2.0,1.0,7.0,0.0,6.0,2.0,2.0,2.0,8.0,1.0,17.0,18.0,29.0,1.0,0.0,1.0,0.0,0.0,0.0,0.0,1.0,0.0,0.0,0.0,0.0,0.0,0.0,0.0,0.0,0.0,0.0,0.0,0.0,0.0,0.0,0.0,0.0,0.0,6.0,0.0,1.0,4.0,1.0,0.0,0.0,0.0,0.0,0.0,0.0,0.0,0.0,0.0,0.0,0.0,0.0,0.0,0.0,0.0,0.0,6.0,0.0,0.0,0.0,0.0,1.0,1.0,0.0,0.0,0.0,3.0,0.0,0.0,0.0,0.0,0.0,23.0,3.0,0.0,0.0,1.0,5.0,0.0,0.0,0.0,0.0,0.0,0.0,0.0,0.0,0.0,2.0,1.0,6.0,0.0,0.0,0.0,26.0,10.0,12.0
7Networks_LH_Vis_2,5768.0,0.0,4180.0,5122.0,8019.0,71.0,11599.0,947.0,2304.0,1047.0,1563.0,192.0,3382.0,4609.0,87.0,42.0,2.0,1.0,3.0,2.0,1.0,0.0,2.0,0.0,4.0,0.0,2.0,1.0,1.0,0.0,3671.0,111.0,96.0,1.0,3.0,2.0,103.0,3.0,5.0,0.0,0.0,1.0,0.0,16.0,1.0,7.0,168.0,11.0,0.0,8.0,6.0,1.0,1.0,0.0,219.0,425.0,614.0,1605.0,121.0,66.0,31.0,14.0,7.0,163.0,285.0,164.0,82.0,13.0,10.0,1.0,25.0,5.0,0.0,488.0,517.0,466.0,29.0,45.0,15.0,230.0,24.0,102.0,377.0,4.0,112.0,394.0,17.0,12.0,59.0,6.0,4.0,6.0,2.0,0.0,1.0,100.0,4.0,2.0,10.0,1062.0,5.0,5.0,10.0,9.0,5.0,23.0,9.0,20.0,25.0,14.0,6.0,120.0,56.0,118.0,17.0,2.0,0.0,0.0,0.0,0.0,0.0,0.0,0.0,0.0,0.0,0.0,0.0,0.0,0.0,0.0,0.0,0.0,0.0,0.0,3.0,2.0,0.0,0.0,0.0,8.0,0.0,8.0,0.0,1.0,0.0,0.0,0.0,0.0,2.0,0.0,0.0,0.0,1.0,0.0,0.0,0.0,0.0,0.0,0.0,0.0,3.0,0.0,2.0,1.0,1.0,0.0,2.0,2.0,0.0,2.0,1.0,1.0,0.0,1.0,0.0,0.0,76.0,4.0,0.0,1.0,0.0,14.0,0.0,0.0,0.0,0.0,0.0,0.0,0.0,0.0,0.0,9.0,1.0,18.0,0.0,0.0,0.0,81.0,20.0,33.0
7Networks_LH_Vis_3,700.0,4180.0,0.0,72.0,3331.0,10.0,523.0,8087.0,1084.0,145.0,3962.0,74.0,1730.0,3426.0,41.0,22.0,3.0,1.0,1.0,0.0,2.0,0.0,2.0,1.0,3.0,0.0,0.0,0.0,0.0,0.0,4561.0,1690.0,316.0,1.0,4.0,5.0,309.0,10.0,6.0,0.0,1.0,0.0,0.0,7.0,1.0,2.0,35.0,0.0,0.0,0.0,12.0,0.0,0.0,0.0,40.0,53.0,195.0,660.0,35.0,13.0,5.0,30.0,4.0,48.0,33.0,20.0,8.0,6.0,5.0,3.0,26.0,2.0,0.0,88.0,90.0,73.0,17.0,16.0,37.0,907.0,4.0,163.0,39.0,1.0,9.0,47.0,4.0,0.0,9.0,1.0,2.0,0.0,6.0,1.0,0.0,58.0,6.0,0.0,6.0,328.0,2.0,4.0,4.0,3.0,1.0,10.0,3.0,5.0,3.0,4.0,2.0,33.0,15.0,46.0,5.0,0.0,1.0,0.0,0.0,0.0,0.0,0.0,0.0,0.0,0.0,0.0,0.0,0.0,0.0,1.0,0.0,0.0,1.0,0.0,3.0,1.0,0.0,0.0,0.0,3.0,0.0,1.0,2.0,0.0,0.0,0.0,0.0,0.0,0.0,0.0,0.0,0.0,1.0,0.0,0.0,0.0,0.0,0.0,0.0,0.0,2.0,0.0,0.0,2.0,0.0,0.0,2.0,0.0,0.0,0.0,1.0,0.0,0.0,0.0,0.0,1.0,27.0,0.0,0.0,0.0,0.0,5.0,0.0,0.0,0.0,0.0,0.0,0.0,0.0,0.0,0.0,0.0,1.0,2.0,0.0,0.0,0.0,26.0,8.0,11.0
7Networks_LH_Vis_4,3813.0,5122.0,72.0,0.0,138.0,2655.0,6306.0,58.0,31.0,17490.0,59.0,1201.0,1736.0,186.0,24.0,6.0,0.0,0.0,1.0,0.0,0.0,0.0,0.0,1.0,1.0,2.0,0.0,1.0,0.0,0.0,53.0,8.0,8.0,0.0,1.0,0.0,17.0,0.0,1.0,1.0,0.0,0.0,0.0,3.0,3.0,1.0,19.0,0.0,1.0,1.0,3.0,4.0,1.0,1.0,59.0,158.0,380.0,465.0,44.0,9.0,6.0,5.0,0.0,35.0,77.0,42.0,10.0,3.0,1.0,0.0,11.0,4.0,0.0,138.0,135.0,76.0,9.0,10.0,1.0,24.0,8.0,14.0,67.0,2.0,29.0,101.0,4.0,6.0,14.0,9.0,4.0,1.0,1.0,0.0,0.0,356.0,20.0,0.0,7.0,1115.0,6.0,11.0,22.0,30.0,2.0,37.0,17.0,19.0,40.0,25.0,5.0,115.0,82.0,175.0,14.0,0.0,1.0,0.0,0.0,0.0,0.0,0.0,0.0,0.0,0.0,0.0,0.0,0.0,0.0,0.0,0.0,1.0,0.0,0.0,5.0,2.0,0.0,0.0,0.0,14.0,0.0,5.0,2.0,1.0,0.0,0.0,0.0,0.0,0.0,0.0,0.0,0.0,1.0,0.0,0.0,0.0,0.0,0.0,1.0,0.0,3.0,3.0,2.0,3.0,0.0,0.0,4.0,1.0,0.0,0.0,1.0,1.0,0.0,0.0,0.0,0.0,85.0,1.0,0.0,0.0,0.0,21.0,0.0,0.0,2.0,2.0,0.0,0.0,0.0,1.0,0.0,1.0,0.0,10.0,0.0,0.0,0.0,106.0,20.0,30.0
7Networks_LH_Vis_5,403.0,8019.0,3331.0,138.0,0.0,7.0,6549.0,217.0,12918.0,279.0,3796.0,104.0,1065.0,3080.0,142.0,33.0,4.0,0.0,1.0,0.0,0.0,0.0,1.0,0.0,2.0,0.0,1.0,0.0,0.0,0.0,320.0,35.0,15.0,0.0,0.0,1.0,14.0,1.0,4.0,0.0,1.0,0.0,1.0,24.0,4.0,11.0,221.0,9.0,0.0,3.0,2.0,0.0,0.0,1.0,123.0,200.0,204.0,753.0,54.0,79.0,22.0,10.0,1.0,147.0,143.0,76.0,37.0,12.0,2.0,1.0,11.0,3.0,0.0,308.0,420.0,526.0,81.0,57.0,7.0,51.0,17.0,51.0,223.0,0.0,80.0,160.0,14.0,4.0,35.0,2.0,2.0,0.0,1.0,0.0,0.0,27.0,5.0,0.0,4.0,174.0,5.0,2.0,8.0,2.0,1.0,13.0,9.0,16.0,11.0,12.0,4.0,63.0,32.0,76.0,13.0,0.0,0.0,0.0,0.0,0.0,0.0,0.0,0.0,0.0,0.0,0.0,0.0,0.0,0.0,0.0,0.0,0.0,0.0,0.0,1.0,0.0,0.0,1.0,0.0,7.0,0.0,3.0,1.0,0.0,0.0,0.0,0.0,0.0,0.0,0.0,0.0,0.0,0.0,0.0,0.0,0.0,0.0,0.0,0.0,0.0,0.0,0.0,2.0,1.0,0.0,0.0,1.0,0.0,0.0,1.0,0.0,0.0,0.0,0.0,0.0,0.0,41.0,0.0,0.0,0.0,0.0,7.0,0.0,0.0,0.0,0.0,0.0,0.0,0.0,0.0,0.0,4.0,1.0,4.0,0.0,0.0,0.0,35.0,14.0,21.0
7Networks_LH_Vis_6,1446.0,71.0,10.0,2655.0,7.0,0.0,83.0,6.0,3.0,1898.0,5.0,163.0,153.0,17.0,4.0,7.0,1.0,1.0,0.0,0.0,0.0,2.0,0.0,0.0,0.0,0.0,0.0,0.0,0.0,0.0,6.0,3.0,7.0,0.0,0.0,0.0,9.0,0.0,6.0,1.0,0.0,0.0,0.0,0.0,1.0,0.0,4.0,0.0,1.0,0.0,0.0,38.0,1.0,2.0,5.0,22.0,224.0,100.0,8.0,2.0,2.0,5.0,1.0,6.0,6.0,4.0,2.0,1.0,2.0,0.0,54.0,94.0,15.0,16.0,11.0,7.0,1.0,0.0,0.0,12.0,1.0,2.0,7.0,11.0,0.0,22.0,1.0,55.0,62.0,71.0,5.0,9.0,1.0,1.0,3.0,1261.0,90.0,9.0,35.0,1511.0,2.0,2.0,1.0,2.0,0.0,4.0,3.0,4.0,4.0,4.0,0.0,12.0,7.0,17.0,4.0,0.0,1.0,1.0,3.0,0.0,0.0,0.0,0.0,0.0,0.0,1.0,0.0,1.0,1.0,3.0,0.0,5.0,1.0,4.0,0.0,1.0,0.0,1.0,0.0,6.0,0.0,1.0,11.0,6.0,0.0,0.0,0.0,0.0,1.0,0.0,0.0,1.0,2.0,0.0,0.0,0.0,11.0,1.0,0.0,0.0,1.0,0.0,0.0,0.0,0.0,1.0,0.0,0.0,0.0,4.0,0.0,2.0,1.0,0.0,1.0,0.0,11.0,17.0,1.0,0.0,2.0,3.0,0.0,0.0,0.0,1.0,0.0,0.0,0.0,0.0,4.0,0.0,0.0,7.0,4.0,0.0,0.0,6.0,13.0,13.0
7Networks_LH_Vis_7,637.0,11599.0,523.0,6306.0,6549.0,83.0,0.0,398.0,14141.0,5700.0,813.0,464.0,25868.0,5879.0,193.0,54.0,3.0,1.0,0.0,0.0,0.0,0.0,0.0,0.0,2.0,0.0,0.0,0.0,0.0,0.0,205.0,32.0,18.0,0.0,0.0,0.0,20.0,1.0,5.0,0.0,2.0,0.0,0.0,27.0,6.0,12.0,258.0,12.0,2.0,2.0,1.0,2.0,0.0,0.0,174.0,258.0,244.0,759.0,96.0,91.0,23.0,5.0,5.0,173.0,197.0,133.0,48.0,6.0,4.0,2.0,18.0,3.0,2.0,426.0,417.0,594.0,76.0,44.0,10.0,59.0,24.0,56.0,333.0,6.0,78.0,275.0,17.0,8.0,39.0,2.0,5.0,1.0,2.0,1.0,2.0,198.0,9.0,0.0,9.0,294.0,17.0,23.0,50.0,22.0,7.0,91.0,27.0,61.0,70.0,54.0,18.0,327.0,223.0,402.0,55.0,1.0,0.0,0.0,0.0,0.0,0.0,0.0,0.0,0.0,0.0,0.0,0.0,0.0,0.0,0.0,0.0,0.0,1.0,0.0,17.0,3.0,0.0,0.0,0.0,46.0,0.0,17.0,8.0,3.0,0.0,0.0,0.0,0.0,0.0,0.0,0.0,2.0,3.0,0.0,0.0,0.0,0.0,0.0,1.0,1.0,1.0,0.0,3.0,11.0,0.0,0.0,4.0,2.0,0.0,0.0,2.0,0.0,0.0,0.0,0.0,0.0,233.0,9.0,0.0,0.0,1.0,44.0,0.0,2.0,2.0,3.0,4.0,0.0,0.0,0.0,0.0,5.0,0.0,11.0,0.0,0.0,0.0,215.0,59.0,88.0
7Networks_LH_Vis_8,688.0,947.0,8087.0,58.0,217.0,6.0,398.0,0.0,794.0,112.0,13665.0,93.0,3016.0,8337.0,69.0,55.0,4.0,0.0,1.0,0.0,3.0,0.0,6.0,1.0,37.0,2.0,10.0,0.0,0.0,1.0,3368.0,8739.0,391.0,1.0,11.0,15.0,389.0,13.0,8.0,1.0,2.0,0.0,4.0,8.0,2.0,10.0,113.0,3.0,2.0,4.0,47.0,0.0,0.0,2.0,56.0,119.0,303.0,1299.0,40.0,23.0,20.0,34.0,1.0,189.0,58.0,41.0,12.0,44.0,57.0,25.0,25.0,5.0,1.0,175.0,255.0,232.0,59.0,56.0,2463.0,3498.0,74.0,1497.0,101.0,1.0,26.0,78.0,7.0,1.0,10.0,1.0,3.0,2.0,33.0,10.0,1.0,43.0,6.0,0.0,4.0,436.0,4.0,7.0,5.0,7.0,0.0,11.0,4.0,5.0,6.0,8.0,4.0,31.0,21.0,50.0,6.0,0.0,0.0,0.0,0.0,0.0,0.0,0.0,0.0,0.0,0.0,0.0,0.0,0.0,0.0,0.0,0.0,0.0,0.0,0.0,3.0,0.0,0.0,0.0,0.0,2.0,0.0,3.0,1.0,0.0,0.0,0.0,0.0,0.0,0.0,0.0,0.0,0.0,1.0,0.0,0.0,0.0,0.0,2.0,0.0,0.0,1.0,0.0,0.0,1.0,0.0,0.0,2.0,1.0,0.0,0.0,2.0,0.0,0.0,0.0,0.0,0.0,31.0,2.0,0.0,0.0,1.0,7.0,1.0,0.0,1.0,0.0,1.0,0.0,0.0,0.0,1.0,2.0,0.0,7.0,2.0,0.0,0.0,44.0,14.0,16.0
7Networks_LH_Vis_9,72.0,2304.0,1084.0,31.0,12918.0,3.0,14141.0,794.0,0.0,109.0,13869.0,35.0,1657.0,8390.0,30.0,10.0,0.0,0.0,0.0,0.0,0.0,0.0,0.0,0.0,0.0,0.0,0.0,0.0,0.0,0.0,47.0,6.0,0.0,0.0,1.0,0.0,2.0,0.0,1.0,0.0,0.0,0.0,0.0,7.0,1.0,3.0,44.0,1.0,0.0,1.0,0.0,0.0,0.0,0.0,18.0,26.0,33.0,134.0,11.0,18.0,2.0,3.0,1.0,25.0,25.0,11.0,1.0,0.0,0.0,0.0,2.0,1.0,0.0,44.0,75.0,109.0,13.0,11.0,0.0,13.0,0.0,11.0,46.0,1.0,9.0,33.0,2.0,0.0,1.0,0.0,0.0,0.0,1.0,0.0,0.0,8.0,0.0,0.0,0.0,48.0,2.0,5.0,5.0,4.0,0.0,6.0,3.0,6.0,8.0,3.0,4.0,33.0,18.0,43.0,9.0,1.0,0.0,0.0,0.0,0.0,0.0,0.0,0.0,0.0,0.0,0.0,0.0,0.0,0.0,0.0,0.0,0.0,0.0,0.0,0.0,0.0,0.0,0.0,0.0,3.0,0.0,2.0,1.0,0.0,0.0,0.0,0.0,0.0,0.0,0.0,0.0,0.0,0.0,0.0,0.0,0.0,0.0,0.0,0.0,0.0,0.0,0.0,0.0,0.0,0.0,0.0,2.0,0.0,0.0,0.0,0.0,0.0,0.0,0.0,0.0,0.0,16.0,1.0,0.0,0.0,0.0,5.0,0.0,1.0,0.0,0.0,0.0,0.0,0.0,0.0,0.0,0.0,0.0,0.0,0.0,0.0,0.0,22.0,3.0,13.0
7Networks_LH_Vis_10,566.0,1047.0,145.0,17490.0,279.0,1898.0,5700.0,112.0,109.0,0.0,130.0,10636.0,31546.0,330.0,50.0,18.0,3.0,0.0,0.0,0.0,0.0,0.0,1.0,0.0,1.0,1.0,0.0,1.0,0.0,0.0,56.0,10.0,10.0,0.0,1.0,0.0,17.0,1.0,2.0,0.0,0.0,2.0,1.0,7.0,2.0,2.0,69.0,4.0,0.0,1.0,2.0,4.0,0.0,0.0,63.0,190.0,445.0,391.0,53.0,22.0,7.0,5.0,0.0,80.0,100.0,48.0,19.0,5.0,2.0,1.0,34.0,17.0,2.0,160.0,171.0,146.0,20.0,11.0,6.0,27.0,4.0,11.0,126.0,3.0,28.0,119.0,8.0,5.0,35.0,10.0,2.0,4.0,1.0,3.0,0.0,2614.0,17.0,2.0,10.0,708.0,23.0,29.0,54.0,37.0,13.0,114.0,71.0,85.0,194.0,85.0,19.0,644.0,244.0,523.0,65.0,1.0,2.0,0.0,1.0,0.0,0.0,0.0,0.0,0.0,0.0,0.0,0.0,0.0,0.0,0.0,0.0,0.0,0.0,0.0,15.0,7.0,0.0,0.0,0.0,31.0,1.0,19.0,8.0,6.0,0.0,0.0,0.0,0.0,1.0,0.0,0.0,3.0,5.0,0.0,0.0,1.0,0.0,0.0,1.0,1.0,2.0,4.0,7.0,15.0,1.0,1.0,14.0,8.0,0.0,1.0,1.0,0.0,0.0,0.0,0.0,0.0,277.0,8.0,0.0,0.0,1.0,66.0,2.0,1.0,6.0,9.0,5.0,0.0,0.0,0.0,1.0,6.0,0.0,6.0,0.0,0.0,0.0,352.0,66.0,105.0
7Networks_LH_Vis_11,243.0,1563.0,3962.0,59.0,3796.0,5.0,813.0,13665.0,13869.0,130.0,0.0,81.0,2948.0,14068.0,95.0,61.0,9.0,2.0,0.0,0.0,0.0,1.0,0.0,0.0,12.0,0.0,1.0,0.0,1.0,0.0,606.0,407.0,634.0,0.0,4.0,8.0,505.0,12.0,13.0,1.0,0.0,0.0,0.0,5.0,0.0,0.0,79.0,4.0,0.0,3.0,5.0,0.0,0.0,0.0,23.0,41.0,102.0,303.0,8.0,19.0,9.0,38.0,4.0,39.0,24.0,17.0,6.0,8.0,8.0,1.0,32.0,3.0,0.0,68.0,100.0,194.0,44.0,34.0,39.0,1964.0,8.0,122.0,40.0,1.0,13.0,40.0,5.0,1.0,5.0,1.0,0.0,1.0,6.0,0.0,0.0,90.0,8.0,1.0,3.0,119.0,3.0,3.0,5.0,3.0,3.0,11.0,5.0,6.0,10.0,8.0,2.0,34.0,19.0,48.0,5.0,1.0,1.0,0.0,0.0,0.0,0.0,0.0,0.0,0.0,0.0,0.0,0.0,0.0,0.0,0.0,0.0,0.0,0.0,0.0,1.0,1.0,0.0,0.0,0.0,1.0,1.0,2.0,3.0,3.0,0.0,0.0,0.0,0.0,1.0,0.0,0.0,0.0,0.0,0.0,0.0,0.0,1.0,0.0,0.0,1.0,1.0,0.0,1.0,1.0,1.0,2.0,0.0,0.0,0.0,0.0,0.0,0.0,0.0,0.0,0.0,0.0,40.0,3.0,0.0,0.0,0.0,11.0,0.0,0.0,0.0,0.0,0.0,0.0,0.0,0.0,0.0,1.0,0.0,0.0,1.0,0.0,0.0,24.0,11.0,13.0
7Networks_LH_Vis_12,84.0,192.0,74.0,1201.0,104.0,163.0,464.0,93.0,35.0,10636.0,81.0,0.0,8678.0,464.0,40.0,29.0,1.0,2.0,1.0,0.0,0.0,0.0,0.0,0.0,1.0,0.0,1.0,0.0,0.0,0.0,49.0,8.0,36.0,1.0,0.0,0.0,282.0,4.0,7.0,2.0,0.0,0.0,1.0,0.0,0.0,0.0,33.0,1.0,1.0,1.0,1.0,4.0,0.0,0.0,8.0,20.0,153.0,105.0,14.0,6.0,4.0,15.0,0.0,9.0,18.0,14.0,4.0,0.0,1.0,0.0,699.0,15.0,1.0,29.0,22.0,39.0,13.0,7.0,1.0,49.0,1.0,7.0,18.0,1.0,6.0,32.0,4.0,1.0,4.0,3.0,0.0,0.0,0.0,1.0,0.0,4522.0,111.0,1.0,31.0,210.0,18.0,26.0,51.0,26.0,11.0,83.0,34.0,63.0,86.0,65.0,26.0,366.0,239.0,478.0,78.0,2.0,4.0,0.0,0.0,0.0,0.0,0.0,0.0,0.0,0.0,0.0,0.0,0.0,0.0,1.0,0.0,3.0,1.0,0.0,21.0,12.0,0.0,0.0,0.0,53.0,0.0,20.0,11.0,4.0,0.0,0.0,0.0,0.0,3.0,0.0,0.0,1.0,4.0,0.0,0.0,0.0,1.0,0.0,1.0,6.0,1.0,5.0,15.0,11.0,0.0,0.0,11.0,5.0,0.0,0.0,0.0,0.0,0.0,1.0,0.0,4.0,274.0,10.0,0.0,1.0,0.0,64.0,0.0,2.0,3.0,10.0,9.0,1.0,2.0,2.0,0.0,0.0,1.0,2.0,0.0,0.0,0.0,318.0,75.0,110.0
7Networks_LH_Vis_13,991.0,3382.0,1730.0,1736.0,1065.0,153.0,25868.0,3016.0,1657.0,31546.0,2948.0,8678.0,0.0,15959.0,430.0,287.0,21.0,2.0,4.0,0.0,0.0,1.0,1.0,1.0,15.0,1.0,5.0,1.0,1.0,0.0,807.0,131.0,621.0,3.0,1.0,7.0,1907.0,65.0,158.0,6.0,0.0,1.0,2.0,32.0,14.0,14.0,359.0,7.0,0.0,11.0,8.0,4.0,1.0,2.0,103.0,216.0,395.0,844.0,85.0,106.0,33.0,101.0,12.0,123.0,141.0,70.0,31.0,6.0,10.0,0.0,1980.0,53.0,1.0,309.0,340.0,774.0,145.0,130.0,8.0,808.0,30.0,122.0,219.0,6.0,50.0,176.0,10.0,11.0,38.0,6.0,2.0,3.0,5.0,3.0,5.0,3108.0,232.0,2.0,235.0,582.0,58.0,81.0,134.0,62.0,39.0,269.0,97.0,168.0,270.0,157.0,73.0,1083.0,583.0,1123.0,195.0,5.0,12.0,0.0,1.0,0.0,0.0,1.0,1.0,2.0,0.0,1.0,0.0,1.0,0.0,3.0,0.0,6.0,2.0,1.0,56.0,21.0,2.0,2.0,0.0,128.0,2.0,56.0,63.0,26.0,0.0,0.0,0.0,0.0,3.0,0.0,1.0,7.0,19.0,0.0,0.0,1.0,14.0,0.0,0.0,3.0,0.0,5.0,25.0,28.0,4.0,5.0,34.0,8.0,0.0,0.0,0.0,0.0,0.0,0.0,1.0,1.0,778.0,36.0,0.0,0.0,1.0,194.0,3.0,5.0,4.0,18.0,20.0,2.0,1.0,0.0,0.0,6.0,0.0,0.0,0.0,0.0,0.0,752.0,269.0,352.0
7Networks_LH_Vis_14,905.0,4609.0,3426.0,186.0,3080.0,17.0,5879.0,8337.0,8390.0,330.0,14068.0,464.0,15959.0,0.0,244.0,142.0,5.0,1.0,1.0,0.0,1.0,0.0,0.0,0.0,6.0,0.0,1.0,1.0,2.0,1.0,956.0,233.0,3206.0,1.0,1.0,7.0,2366.0,19.0,17.0,0.0,0.0,2.0,0.0,30.0,11.0,13.0,269.0,8.0,0.0,6.0,5.0,2.0,0.0,0.0,77.0,132.0,218.0,671.0,51.0,86.0,29.0,54.0,7.0,146.0,76.0,38.0,25.0,10.0,4.0,4.0,83.0,5.0,2.0,246.0,318.0,659.0,96.0,76.0,22.0,1192.0,22.0,98.0,187.0,3.0,44.0,144.0,8.0,6.0,15.0,5.0,3.0,1.0,4.0,1.0,1.0,264.0,18.0,1.0,16.0,372.0,9.0,19.0,26.0,10.0,5.0,52.0,22.0,39.0,40.0,18.0,16.0,144.0,119.0,207.0,36.0,0.0,1.0,1.0,0.0,0.0,0.0,0.0,1.0,0.0,0.0,0.0,0.0,0.0,0.0,1.0,0.0,1.0,0.0,0.0,7.0,2.0,0.0,0.0,0.0,22.0,0.0,7.0,14.0,3.0,0.0,0.0,0.0,0.0,0.0,1.0,0.0,3.0,3.0,0.0,0.0,0.0,0.0,0.0,0.0,0.0,1.0,2.0,4.0,4.0,1.0,0.0,8.0,3.0,0.0,2.0,2.0,0.0,0.0,0.0,0.0,0.0,136.0,3.0,0.0,0.0,0.0,35.0,0.0,0.0,1.0,3.0,5.0,1.0,1.0,1.0,1.0,8.0,0.0,0.0,0.0,0.0,0.0,122.0,45.0,76.0
7Networks_LH_SomMot_1,26.0,87.0,41.0,24.0,142.0,4.0,193.0,69.0,30.0,50.0,95.0,40.0,430.0,244.0,0.0,5980.0,845.0,37.0,110.0,11.0,3.0,0.0,13.0,2.0,48.0,1.0,4.0,6.0,2.0,2.0,73.0,57.0,141.0,13.0,16.0,17.0,348.0,82.0,90.0,18.0,6.0,7.0,4.0,220.0,122.0,86.0,1834.0,31.0,17.0,38.0,14.0,1.0,1.0,0.0,47.0,74.0,19.0,94.0,17.0,1091.0,136.0,174.0,21.0,43.0,28.0,15.0,7.0,16.0,30.0,10.0,92.0,6.0,1.0,188.0,89.0,4049.0,362.0,661.0,26.0,438.0,84.0,538.0,75.0,2.0,18.0,19.0,42.0,2.0,6.0,2.0,8.0,2.0,17.0,9.0,7.0,91.0,23.0,3.0,53.0,23.0,1.0,0.0,1.0,1.0,0.0,0.0,0.0,2.0,1.0,1.0,0.0,7.0,2.0,5.0,1.0,1.0,2.0,0.0,1.0,0.0,0.0,0.0,0.0,1.0,0.0,0.0,0.0,1.0,0.0,3.0,0.0,1.0,1.0,3.0,0.0,1.0,0.0,0.0,0.0,5.0,0.0,4.0,28.0,19.0,0.0,0.0,0.0,0.0,2.0,1.0,0.0,0.0,1.0,0.0,0.0,0.0,6.0,0.0,0.0,0.0,0.0,0.0,0.0,0.0,2.0,1.0,0.0,2.0,0.0,0.0,0.0,0.0,0.0,0.0,1.0,0.0,10.0,5.0,0.0,3.0,0.0,2.0,0.0,1.0,0.0,1.0,0.0,1.0,0.0,0.0,0.0,1.0,1.0,3.0,1.0,0.0,0.0,9.0,16.0,21.0
7Networks_LH_SomMot_2,16.0,42.0,22.0,6.0,33.0,7.0,54.0,55.0,10.0,18.0,61.0,29.0,287.0,142.0,5980.0,0.0,2539.0,302.0,1956.0,31.0,7.0,0.0,54.0,3.0,96.0,34.0,22.0,30.0,18.0,9.0,78.0,85.0,216.0,69.0,51.0,67.0,818.0,300.0,315.0,76.0,15.0,45.0,19.0,3723.0,1897.0,549.0,1367.0,243.0,142.0,479.0,33.0,1.0,5.0,26.0,16.0,15.0,29.0,146.0,10.0,61.0,221.0,365.0,66.0,136.0,21.0,67.0,15.0,197.0,152.0,33.0,178.0,36.0,0.0,96.0,244.0,3517.0,1185.0,3802.0,20.0,588.0,195.0,598.0,221.0,0.0,129.0,16.0,511.0,3.0,13.0,13.0,33.0,12.0,33.0,73.0,59.0,178.0,52.0,2.0,106.0,27.0,0.0,1.0,0.0,1.0,1.0,2.0,1.0,1.0,1.0,0.0,0.0,1.0,3.0,6.0,5.0,3.0,6.0,2.0,1.0,0.0,0.0,0.0,0.0,3.0,1.0,0.0,1.0,6.0,0.0,8.0,2.0,11.0,3.0,3.0,2.0,3.0,0.0,1.0,0.0,21.0,3.0,12.0,61.0,52.0,1.0,1.0,2.0,0.0,1.0,1.0,2.0,0.0,4.0,0.0,1.0,1.0,9.0,2.0,0.0,0.0,3.0,0.0,1.0,0.0,3.0,9.0,1.0,3.0,0.0,1.0,0.0,4.0,3.0,8.0,2.0,0.0,19.0,11.0,0.0,5.0,9.0,4.0,3.0,3.0,0.0,3.0,1.0,1.0,0.0,4.0,0.0,1.0,1.0,13.0,5.0,5.0,1.0,16.0,22.0,69.0
7Networks_LH_SomMot_3,2.0,2.0,3.0,0.0,4.0,1.0,3.0,4.0,0.0,3.0,9.0,1.0,21.0,5.0,845.0,2539.0,0.0,3933.0,2831.0,77.0,6.0,0.0,209.0,18.0,232.0,19.0,87.0,12.0,16.0,25.0,6.0,5.0,35.0,276.0,136.0,50.0,219.0,226.0,70.0,69.0,15.0,13.0,20.0,250.0,1466.0,381.0,5872.0,130.0,1024.0,235.0,21.0,2.0,2.0,9.0,2.0,3.0,4.0,22.0,14.0,19.0,55.0,86.0,96.0,33.0,4.0,11.0,2.0,29.0,30.0,16.0,25.0,3.0,0.0,16.0,30.0,104.0,57.0,133.0,1.0,36.0,21.0,43.0,104.0,0.0,27.0,11.0,98.0,2.0,9.0,5.0,15.0,5.0,30.0,31.0,31.0,15.0,7.0,1.0,28.0,2.0,0.0,0.0,0.0,0.0,0.0,0.0,0.0,0.0,0.0,0.0,1.0,0.0,0.0,1.0,1.0,0.0,0.0,0.0,0.0,0.0,0.0,0.0,0.0,0.0,0.0,0.0,0.0,0.0,0.0,2.0,0.0,4.0,0.0,0.0,0.0,0.0,0.0,2.0,0.0,3.0,0.0,0.0,8.0,7.0,1.0,0.0,0.0,0.0,1.0,0.0,0.0,0.0,0.0,0.0,0.0,2.0,2.0,2.0,0.0,0.0,0.0,0.0,1.0,0.0,1.0,1.0,0.0,0.0,0.0,0.0,1.0,5.0,0.0,1.0,0.0,0.0,1.0,5.0,0.0,4.0,2.0,2.0,0.0,0.0,0.0,1.0,0.0,1.0,0.0,0.0,0.0,1.0,1.0,9.0,7.0,3.0,0.0,4.0,5.0,14.0
7Networks_LH_SomMot_4,0.0,1.0,1.0,0.0,0.0,1.0,1.0,0.0,0.0,0.0,2.0,2.0,2.0,1.0,37.0,302.0,3933.0,0.0,4112.0,5154.0,215.0,4.0,2326.0,198.0,124.0,320.0,94.0,238.0,117.0,65.0,4.0,14.0,4.0,2669.0,597.0,101.0,44.0,60.0,53.0,73.0,67.0,77.0,203.0,77.0,4513.0,395.0,1884.0,310.0,1504.0,2521.0,25.0,3.0,10.0,108.0,3.0,0.0,1.0,20.0,18.0,9.0,159.0,56.0,302.0,31.0,8.0,24.0,9.0,65.0,58.0,65.0,2.0,5.0,0.0,9.0,24.0,24.0,28.0,36.0,3.0,9.0,10.0,29.0,259.0,0.0,92.0,17.0,235.0,2.0,18.0,11.0,25.0,18.0,23.0,58.0,74.0,1.0,5.0,0.0,5.0,0.0,0.0,0.0,0.0,0.0,0.0,0.0,0.0,0.0,0.0,0.0,0.0,0.0,0.0,0.0,1.0,0.0,0.0,0.0,0.0,0.0,0.0,0.0,0.0,0.0,0.0,5.0,0.0,1.0,1.0,2.0,3.0,2.0,2.0,0.0,0.0,0.0,0.0,1.0,1.0,4.0,1.0,0.0,4.0,1.0,0.0,1.0,3.0,0.0,0.0,0.0,0.0,1.0,0.0,0.0,2.0,2.0,1.0,6.0,0.0,0.0,2.0,0.0,0.0,0.0,0.0,1.0,0.0,0.0,0.0,2.0,1.0,2.0,2.0,4.0,2.0,4.0,1.0,1.0,0.0,3.0,17.0,0.0,0.0,0.0,0.0,1.0,0.0,0.0,0.0,3.0,0.0,1.0,2.0,26.0,11.0,6.0,0.0,0.0,2.0,3.0
7Networks_LH_SomMot_5,0.0,3.0,1.0,1.0,1.0,0.0,0.0,1.0,0.0,0.0,0.0,1.0,4.0,1.0,110.0,1956.0,2831.0,4112.0,0.0,792.0,6.0,0.0,175.0,6.0,28.0,6.0,8.0,4.0,12.0,3.0,3.0,1.0,6.0,616.0,42.0,9.0,37.0,29.0,14.0,14.0,5.0,2.0,6.0,1537.0,6082.0,100.0,455.0,24.0,71.0,126.0,4.0,0.0,1.0,4.0,0.0,2.0,1.0,6.0,1.0,1.0,13.0,8.0,14.0,18.0,1.0,4.0,2.0,14.0,11.0,7.0,3.0,0.0,0.0,5.0,24.0,68.0,28.0,85.0,1.0,13.0,12.0,14.0,11.0,0.0,11.0,2.0,40.0,0.0,2.0,1.0,4.0,0.0,6.0,3.0,13.0,5.0,3.0,0.0,5.0,0.0,0.0,0.0,0.0,0.0,0.0,0.0,0.0,0.0,0.0,0.0,0.0,0.0,0.0,0.0,0.0,0.0,1.0,0.0,0.0,0.0,0.0,0.0,0.0,1.0,0.0,0.0,0.0,0.0,0.0,2.0,0.0,1.0,0.0,0.0,0.0,0.0,0.0,0.0,0.0,0.0,0.0,1.0,3.0,2.0,0.0,0.0,0.0,1.0,1.0,0.0,0.0,0.0,0.0,0.0,0.0,0.0,2.0,1.0,0.0,0.0,1.0,0.0,0.0,0.0,0.0,0.0,0.0,0.0,0.0,0.0,0.0,0.0,0.0,0.0,0.0,0.0,0.0,0.0,0.0,2.0,4.0,1.0,0.0,0.0,0.0,0.0,0.0,0.0,0.0,0.0,0.0,0.0,0.0,1.0,1.0,0.0,0.0,0.0,1.0,3.0
7Networks_LH_SomMot_6,0.0,2.0,0.0,0.0,0.0,0.0,0.0,0.0,0.0,0.0,0.0,0.0,0.0,0.0,11.0,31.0,77.0,5154.0,792.0,0.0,6506.0,1.0,2830.0,1932.0,176.0,659.0,166.0,206.0,186.0,85.0,12.0,18.0,4.0,4748.0,458.0,139.0,28.0,47.0,57.0,45.0,135.0,31.0,1149.0,15.0,1301.0,92.0,373.0,69.0,52.0,1619.0,35.0,1.0,4.0,47.0,1.0,2.0,1.0,29.0,11.0,4.0,219.0,59.0,234.0,33.0,4.0,20.0,9.0,78.0,188.0,497.0,2.0,1.0,2.0,7.0,5.0,9.0,11.0,14.0,5.0,12.0,13.0,45.0,78.0,0.0,54.0,8.0,105.0,1.0,10.0,4.0,12.0,4.0,91.0,20.0,27.0,0.0,1.0,0.0,3.0,0.0,0.0,0.0,0.0,0.0,0.0,0.0,0.0,0.0,0.0,0.0,0.0,0.0,0.0,0.0,0.0,0.0,0.0,0.0,1.0,0.0,0.0,0.0,0.0,1.0,0.0,3.0,0.0,0.0,0.0,1.0,0.0,2.0,0.0,0.0,0.0,0.0,0.0,1.0,0.0,4.0,0.0,1.0,5.0,5.0,2.0,0.0,0.0,0.0,0.0,1.0,1.0,1.0,0.0,0.0,0.0,1.0,4.0,15.0,0.0,0.0,1.0,0.0,0.0,0.0,0.0,1.0,0.0,0.0,0.0,0.0,2.0,3.0,0.0,1.0,2.0,2.0,0.0,1.0,0.0,3.0,10.0,0.0,0.0,0.0,0.0,0.0,1.0,0.0,0.0,2.0,0.0,0.0,0.0,12.0,3.0,2.0,0.0,1.0,0.0,4.0
7Networks_LH_SomMot_7,1.0,1.0,2.0,0.0,0.0,0.0,0.0,3.0,0.0,0.0,0.0,0.0,0.0,1.0,3.0,7.0,6.0,215.0,6.0,6506.0,0.0,7.0,1124.0,4070.0,260.0,3331.0,387.0,320.0,187.0,69.0,17.0,52.0,8.0,83.0,371.0,107.0,19.0,58.0,42.0,39.0,1884.0,65.0,2537.0,3.0,24.0,13.0,50.0,8.0,6.0,161.0,129.0,0.0,5.0,63.0,0.0,1.0,3.0,32.0,0.0,0.0,340.0,160.0,157.0,22.0,2.0,14.0,14.0,86.0,170.0,5222.0,0.0,1.0,0.0,3.0,9.0,10.0,5.0,6.0,6.0,12.0,10.0,174.0,10.0,0.0,4.0,9.0,29.0,0.0,6.0,2.0,3.0,1.0,377.0,77.0,25.0,2.0,0.0,0.0,5.0,2.0,0.0,0.0,0.0,0.0,0.0,0.0,0.0,0.0,0.0,0.0,0.0,0.0,0.0,0.0,0.0,1.0,1.0,0.0,0.0,0.0,0.0,1.0,0.0,1.0,1.0,54.0,0.0,0.0,2.0,2.0,16.0,3.0,17.0,2.0,0.0,0.0,1.0,1.0,0.0,3.0,0.0,0.0,15.0,6.0,3.0,4.0,3.0,0.0,0.0,0.0,8.0,0.0,0.0,0.0,2.0,4.0,14.0,126.0,0.0,0.0,0.0,0.0,0.0,0.0,0.0,0.0,0.0,0.0,0.0,0.0,1.0,0.0,0.0,2.0,1.0,5.0,2.0,3.0,1.0,2.0,5.0,0.0,1.0,0.0,0.0,1.0,0.0,0.0,0.0,0.0,0.0,0.0,0.0,5.0,2.0,0.0,1.0,0.0,1.0,2.0
7Networks_LH_SomMot_8,3.0,0.0,0.0,0.0,0.0,2.0,0.0,0.0,0.0,0.0,1.0,0.0,1.0,0.0,0.0,0.0,0.0,4.0,0.0,1.0,7.0,0.0,0.0,2.0,11.0,182.0,36.0,1183.0,8326.0,100.0,0.0,3.0,0.0,0.0,0.0,0.0,10.0,3.0,418.0,184.0,26.0,25.0,24.0,2.0,0.0,1.0,4.0,11.0,3.0,23.0,30.0,3642.0,3557.0,3206.0,2.0,31.0,0.0,0.0,0.0,0.0,2.0,0.0,4.0,0.0,0.0,14.0,15.0,36.0,13.0,3.0,21.0,847.0,1773.0,2.0,1.0,0.0,2.0,2.0,0.0,2.0,1.0,3.0,8.0,27.0,5.0,59.0,39.0,123.0,149.0,318.0,174.0,228.0,8.0,45.0,209.0,34.0,322.0,654.0,529.0,4.0,1.0,0.0,0.0,0.0,0.0,0.0,1.0,0.0,0.0,0.0,0.0,0.0,0.0,0.0,1.0,1.0,1.0,2.0,3.0,13.0,0.0,8.0,44.0,3.0,19.0,1617.0,2.0,5.0,21.0,8.0,211.0,116.0,514.0,18.0,1.0,1.0,1.0,2.0,1.0,32.0,0.0,13.0,153.0,97.0,26.0,32.0,84.0,1.0,3.0,1.0,81.0,5.0,0.0,1.0,72.0,465.0,378.0,2343.0,2.0,4.0,6.0,0.0,0.0,0.0,0.0,10.0,6.0,6.0,1.0,5.0,7.0,44.0,36.0,22.0,24.0,71.0,9.0,114.0,226.0,46.0,224.0,7.0,10.0,17.0,0.0,1.0,1.0,2.0,1.0,46.0,8.0,3.0,8.0,54.0,126.0,46.0,25.0,2.0,31.0,113.0
7Networks_LH_SomMot_9,0.0,2.0,2.0,0.0,1.0,0.0,0.0,6.0,0.0,1.0,0.0,0.0,1.0,0.0,13.0,54.0,209.0,2326.0,175.0,2830.0,1124.0,0.0,0.0,4429.0,699.0,1042.0,3025.0,38.0,89.0,244.0,33.0,54.0,13.0,3423.0,5573.0,422.0,41.0,149.0,23.0,39.0,161.0,48.0,303.0,21.0,787.0,559.0,383.0,59.0,138.0,1116.0,233.0,1.0,3.0,43.0,1.0,0.0,4.0,49.0,5.0,1.0,448.0,191.0,730.0,44.0,3.0,9.0,24.0,147.0,309.0,824.0,0.0,0.0,0.0,2.0,20.0,12.0,19.0,14.0,3.0,18.0,8.0,235.0,43.0,0.0,24.0,9.0,113.0,1.0,10.0,1.0,12.0,4.0,482.0,83.0,40.0,2.0,3.0,0.0,5.0,2.0,0.0,0.0,0.0,0.0,0.0,0.0,0.0,0.0,0.0,0.0,0.0,0.0,0.0,0.0,0.0,2.0,1.0,1.0,0.0,0.0,0.0,0.0,0.0,1.0,0.0,3.0,0.0,0.0,0.0,4.0,1.0,9.0,3.0,2.0,0.0,0.0,1.0,1.0,1.0,3.0,0.0,1.0,11.0,6.0,0.0,1.0,2.0,0.0,0.0,1.0,1.0,0.0,0.0,0.0,2.0,4.0,9.0,20.0,0.0,0.0,0.0,0.0,1.0,0.0,0.0,0.0,0.0,2.0,0.0,0.0,2.0,1.0,1.0,3.0,2.0,5.0,1.0,1.0,0.0,3.0,12.0,0.0,0.0,0.0,0.0,0.0,0.0,0.0,0.0,2.0,0.0,1.0,0.0,3.0,7.0,1.0,1.0,1.0,2.0,11.0
7Networks_LH_SomMot_10,0.0,0.0,1.0,1.0,0.0,0.0,0.0,1.0,0.0,0.0,0.0,0.0,1.0,0.0,2.0,3.0,18.0,198.0,6.0,1932.0,4070.0,2.0,4429.0,0.0,170.0,13066.0,1397.0,78.0,138.0,323.0,16.0,30.0,3.0,84.0,379.0,38.0,12.0,21.0,10.0,23.0,440.0,90.0,347.0,0.0,17.0,12.0,104.0,23.0,11.0,249.0,334.0,2.0,1.0,29.0,2.0,3.0,3.0,11.0,1.0,0.0,127.0,66.0,47.0,16.0,3.0,19.0,37.0,195.0,380.0,1376.0,0.0,1.0,1.0,3.0,2.0,6.0,3.0,3.0,5.0,8.0,9.0,95.0,26.0,0.0,16.0,9.0,87.0,2.0,6.0,4.0,13.0,2.0,827.0,162.0,39.0,0.0,1.0,0.0,2.0,1.0,0.0,0.0,0.0,0.0,0.0,0.0,0.0,0.0,0.0,0.0,0.0,0.0,0.0,0.0,1.0,0.0,0.0,0.0,0.0,0.0,0.0,0.0,0.0,0.0,0.0,5.0,0.0,0.0,0.0,1.0,0.0,1.0,4.0,2.0,0.0,0.0,0.0,0.0,0.0,0.0,0.0,2.0,1.0,5.0,1.0,2.0,1.0,0.0,0.0,0.0,1.0,0.0,0.0,1.0,1.0,1.0,4.0,42.0,0.0,0.0,0.0,0.0,0.0,0.0,0.0,0.0,0.0,1.0,0.0,0.0,0.0,1.0,2.0,1.0,2.0,2.0,0.0,1.0,1.0,2.0,5.0,0.0,0.0,0.0,0.0,0.0,0.0,0.0,0.0,2.0,0.0,0.0,1.0,4.0,11.0,2.0,0.0,0.0,0.0,1.0
7Networks_LH_SomMot_11,3.0,4.0,3.0,1.0,2.0,0.0,2.0,37.0,0.0,1.0,12.0,1.0,15.0,6.0,48.0,96.0,232.0,124.0,28.0,176.0,260.0,11.0,699.0,170.0,0.0,292.0,1232.0,135.0,562.0,142.0,49.0,82.0,118.0,130.0,2085.0,1098.0,285.0,1811.0,111.0,2544.0,174.0,81.0,153.0,14.0,118.0,84.0,464.0,26.0,34.0,168.0,210.0,3.0,8.0,83.0,6.0,4.0,5.0,73.0,3.0,2.0,856.0,1570.0,445.0,23.0,6.0,20.0,27.0,101.0,233.0,327.0,15.0,13.0,0.0,16.0,20.0,28.0,16.0,25.0,16.0,282.0,9.0,1280.0,31.0,0.0,25.0,14.0,82.0,0.0,12.0,2.0,9.0,7.0,401.0,219.0,47.0,9.0,0.0,0.0,9.0,6.0,0.0,1.0,0.0,0.0,1.0,0.0,1.0,1.0,0.0,0.0,1.0,0.0,0.0,5.0,5.0,8.0,16.0,2.0,10.0,2.0,4.0,1.0,1.0,15.0,0.0,16.0,7.0,17.0,1.0,18.0,4.0,41.0,25.0,4.0,4.0,3.0,6.0,10.0,2.0,15.0,2.0,12.0,90.0,84.0,0.0,1.0,7.0,1.0,8.0,19.0,3.0,1.0,9.0,0.0,5.0,12.0,36.0,29.0,0.0,1.0,1.0,1.0,2.0,0.0,13.0,14.0,2.0,10.0,0.0,0.0,0.0,0.0,2.0,4.0,1.0,5.0,14.0,12.0,0.0,4.0,14.0,4.0,3.0,6.0,0.0,7.0,9.0,2.0,1.0,2.0,0.0,0.0,0.0,7.0,7.0,4.0,5.0,9.0,16.0,80.0
7Networks_LH_SomMot_12,0.0,0.0,0.0,2.0,0.0,0.0,0.0,2.0,0.0,1.0,0.0,0.0,1.0,0.0,1.0,34.0,19.0,320.0,6.0,659.0,3331.0,182.0,1042.0,13066.0,292.0,0.0,2054.0,9313.0,6678.0,4101.0,11.0,18.0,2.0,25.0,111.0,22.0,49.0,53.0,79.0,251.0,3810.0,770.0,657.0,21.0,36.0,56.0,231.0,80.0,33.0,708.0,354.0,15.0,16.0,373.0,4.0,3.0,4.0,20.0,6.0,3.0,85.0,47.0,39.0,26.0,14.0,68.0,84.0,339.0,383.0,605.0,2.0,5.0,1.0,12.0,6.0,11.0,11.0,11.0,3.0,9.0,14.0,66.0,207.0,2.0,96.0,52.0,323.0,6.0,39.0,15.0,74.0,20.0,784.0,899.0,242.0,1.0,4.0,2.0,9.0,0.0,0.0,0.0,0.0,0.0,0.0,0.0,0.0,0.0,0.0,0.0,0.0,0.0,0.0,0.0,0.0,0.0,0.0,0.0,0.0,0.0,2.0,3.0,2.0,1.0,7.0,159.0,0.0,0.0,4.0,3.0,38.0,11.0,104.0,4.0,0.0,0.0,0.0,0.0,1.0,2.0,0.0,4.0,8.0,13.0,7.0,8.0,12.0,1.0,1.0,0.0,14.0,0.0,0.0,0.0,7.0,16.0,36.0,208.0,0.0,0.0,2.0,0.0,0.0,0.0,0.0,2.0,0.0,0.0,0.0,6.0,7.0,18.0,5.0,21.0,11.0,22.0,2.0,10.0,5.0,10.0,33.0,2.0,1.0,4.0,0.0,0.0,0.0,0.0,0.0,8.0,0.0,4.0,3.0,48.0,40.0,8.0,2.0,0.0,2.0,16.0
7Networks_LH_SomMot_13,0.0,2.0,0.0,0.0,1.0,0.0,0.0,10.0,0.0,0.0,1.0,1.0,5.0,1.0,4.0,22.0,87.0,94.0,8.0,166.0,387.0,36.0,3025.0,1397.0,1232.0,2054.0,0.0,152.0,546.0,2510.0,14.0,31.0,8.0,74.0,306.0,24.0,39.0,45.0,19.0,514.0,446.0,146.0,114.0,6.0,39.0,28.0,308.0,41.0,19.0,150.0,492.0,3.0,4.0,48.0,2.0,0.0,7.0,27.0,4.0,1.0,212.0,247.0,51.0,14.0,4.0,34.0,48.0,157.0,202.0,509.0,3.0,3.0,0.0,4.0,8.0,13.0,6.0,8.0,4.0,71.0,6.0,331.0,48.0,0.0,22.0,9.0,106.0,1.0,13.0,5.0,16.0,5.0,807.0,392.0,50.0,2.0,0.0,0.0,3.0,0.0,0.0,1.0,0.0,0.0,0.0,0.0,0.0,0.0,0.0,0.0,0.0,0.0,0.0,2.0,2.0,1.0,2.0,0.0,2.0,0.0,1.0,0.0,1.0,3.0,1.0,18.0,0.0,2.0,1.0,8.0,2.0,16.0,17.0,7.0,0.0,1.0,0.0,1.0,0.0,4.0,1.0,3.0,23.0,24.0,0.0,0.0,4.0,0.0,2.0,3.0,3.0,3.0,1.0,0.0,5.0,4.0,13.0,57.0,0.0,0.0,0.0,0.0,1.0,0.0,1.0,4.0,1.0,2.0,0.0,0.0,2.0,3.0,2.0,3.0,4.0,6.0,1.0,5.0,2.0,8.0,21.0,1.0,0.0,1.0,0.0,2.0,2.0,0.0,1.0,0.0,0.0,1.0,1.0,13.0,8.0,3.0,2.0,0.0,5.0,10.0
7Networks_LH_SomMot_14,0.0,1.0,0.0,1.0,0.0,0.0,0.0,0.0,0.0,1.0,0.0,0.0,1.0,1.0,6.0,30.0,12.0,238.0,4.0,206.0,320.0,1183.0,38.0,78.0,135.0,9313.0,152.0,0.0,6970.0,318.0,7.0,11.0,3.0,23.0,38.0,6.0,51.0,42.0,251.0,380.0,8899.0,3532.0,1062.0,54.0,18.0,143.0,129.0,65.0,50.0,1341.0,204.0,89.0,46.0,3208.0,1.0,5.0,1.0,21.0,4.0,2.0,96.0,15.0,69.0,57.0,10.0,53.0,58.0,179.0,217.0,266.0,2.0,5.0,11.0,4.0,18.0,8.0,34.0,25.0,4.0,2.0,44.0,25.0,107.0,0.0,69.0,26.0,282.0,2.0,50.0,15.0,119.0,27.0,345.0,1127.0,881.0,1.0,1.0,1.0,9.0,0.0,1.0,0.0,0.0,0.0,0.0,0.0,0.0,0.0,0.0,0.0,0.0,0.0,0.0,0.0,0.0,0.0,0.0,0.0,0.0,7.0,0.0,7.0,10.0,0.0,17.0,560.0,0.0,6.0,23.0,8.0,144.0,48.0,157.0,10.0,2.0,0.0,1.0,2.0,1.0,27.0,2.0,11.0,69.0,44.0,22.0,32.0,54.0,0.0,1.0,0.0,71.0,2.0,0.0,0.0,28.0,88.0,130.0,1043.0,0.0,2.0,1.0,0.0,3.0,0.0,0.0,6.0,8.0,4.0,0.0,1.0,3.0,16.0,7.0,16.0,21.0,58.0,0.0,16.0,15.0,14.0,85.0,0.0,6.0,14.0,0.0,1.0,0.0,0.0,0.0,9.0,1.0,6.0,3.0,26.0,40.0,15.0,9.0,1.0,8.0,34.0
7Networks_LH_SomMot_15,0.0,1.0,0.0,0.0,0.0,0.0,0.0,0.0,0.0,0.0,1.0,0.0,1.0,2.0,2.0,18.0,16.0,117.0,12.0,186.0,187.0,8326.0,89.0,138.0,562.0,6678.0,546.0,6970.0,0.0,4585.0,4.0,6.0,5.0,45.0,18.0,10.0,62.0,42.0,688.0,4720.0,301.0,302.0,448.0,12.0,77.0,39.0,106.0,27.0,25.0,427.0,115.0,542.0,2345.0,2471.0,3.0,19.0,0.0,11.0,4.0,3.0,27.0,28.0,21.0,26.0,7.0,32.0,46.0,80.0,125.0,105.0,4.0,649.0,141.0,1.0,3.0,5.0,10.0,10.0,1.0,9.0,6.0,16.0,72.0,23.0,36.0,49.0,162.0,130.0,152.0,171.0,108.0,142.0,158.0,423.0,626.0,6.0,27.0,19.0,69.0,1.0,2.0,0.0,0.0,0.0,0.0,0.0,0.0,0.0,0.0,0.0,0.0,1.0,0.0,9.0,7.0,9.0,10.0,2.0,24.0,16.0,19.0,30.0,59.0,59.0,68.0,2126.0,34.0,32.0,126.0,123.0,420.0,750.0,3067.0,226.0,5.0,4.0,9.0,15.0,11.0,51.0,5.0,28.0,328.0,357.0,35.0,32.0,63.0,2.0,13.0,33.0,91.0,2.0,10.0,1.0,56.0,177.0,929.0,1751.0,2.0,4.0,10.0,1.0,11.0,0.0,12.0,21.0,11.0,29.0,1.0,7.0,4.0,15.0,29.0,18.0,22.0,67.0,24.0,316.0,106.0,32.0,180.0,5.0,13.0,16.0,1.0,17.0,7.0,5.0,2.0,33.0,4.0,6.0,6.0,39.0,78.0,34.0,23.0,9.0,67.0,247.0
7Networks_LH_SomMot_16,1.0,0.0,0.0,0.0,0.0,0.0,0.0,1.0,0.0,0.0,0.0,0.0,0.0,1.0,2.0,9.0,25.0,65.0,3.0,85.0,69.0,100.0,244.0,323.0,142.0,4101.0,2510.0,318.0,4585.0,0.0,3.0,3.0,3.0,28.0,22.0,9.0,16.0,18.0,18.0,247.0,470.0,174.0,147.0,6.0,21.0,24.0,138.0,32.0,13.0,196.0,292.0,5.0,15.0,110.0,1.0,1.0,1.0,9.0,3.0,1.0,36.0,38.0,8.0,2.0,3.0,23.0,28.0,110.0,168.0,109.0,1.0,11.0,5.0,2.0,1.0,2.0,7.0,3.0,3.0,11.0,3.0,35.0,52.0,0.0,28.0,7.0,118.0,1.0,14.0,7.0,14.0,9.0,531.0,436.0,63.0,3.0,1.0,0.0,3.0,1.0,1.0,0.0,0.0,0.0,0.0,0.0,0.0,0.0,0.0,0.0,0.0,0.0,0.0,0.0,1.0,2.0,2.0,0.0,4.0,0.0,0.0,2.0,0.0,3.0,3.0,52.0,4.0,0.0,6.0,8.0,9.0,48.0,84.0,6.0,0.0,0.0,1.0,1.0,0.0,3.0,1.0,7.0,18.0,31.0,1.0,3.0,8.0,0.0,0.0,4.0,3.0,0.0,1.0,0.0,5.0,3.0,43.0,89.0,0.0,0.0,0.0,0.0,0.0,0.0,4.0,1.0,1.0,0.0,1.0,1.0,2.0,4.0,3.0,4.0,3.0,7.0,1.0,11.0,2.0,4.0,22.0,0.0,2.0,1.0,0.0,1.0,0.0,0.0,0.0,1.0,0.0,1.0,0.0,11.0,13.0,3.0,1.0,1.0,9.0,22.0
7Networks_LH_DorsAttn_Post_1,1319.0,3671.0,4561.0,53.0,320.0,6.0,205.0,3368.0,47.0,56.0,606.0,49.0,807.0,956.0,73.0,78.0,6.0,4.0,3.0,12.0,17.0,0.0,33.0,16.0,49.0,11.0,14.0,7.0,4.0,3.0,0.0,5950.0,344.0,4.0,32.0,9.0,328.0,18.0,13.0,6.0,15.0,22.0,24.0,23.0,10.0,27.0,94.0,14.0,2.0,41.0,196.0,0.0,0.0,11.0,33.0,73.0,801.0,14385.0,35.0,9.0,216.0,80.0,9.0,2542.0,43.0,48.0,34.0,311.0,390.0,115.0,42.0,5.0,2.0,127.0,164.0,154.0,63.0,84.0,322.0,1845.0,280.0,1527.0,61.0,1.0,13.0,43.0,59.0,0.0,12.0,1.0,15.0,3.0,170.0,37.0,25.0,84.0,13.0,0.0,6.0,1609.0,1.0,2.0,6.0,0.0,2.0,8.0,3.0,2.0,9.0,2.0,1.0,17.0,13.0,23.0,3.0,0.0,0.0,0.0,0.0,0.0,0.0,0.0,0.0,0.0,0.0,1.0,0.0,0.0,0.0,0.0,0.0,1.0,0.0,0.0,3.0,0.0,0.0,1.0,0.0,7.0,0.0,4.0,4.0,2.0,0.0,0.0,1.0,0.0,1.0,0.0,0.0,0.0,1.0,0.0,1.0,1.0,1.0,8.0,0.0,0.0,1.0,0.0,0.0,0.0,0.0,1.0,2.0,1.0,0.0,0.0,1.0,0.0,0.0,0.0,0.0,1.0,31.0,3.0,2.0,1.0,8.0,6.0,0.0,1.0,0.0,1.0,1.0,0.0,0.0,0.0,0.0,6.0,2.0,2.0,2.0,1.0,1.0,18.0,11.0,14.0
7Networks_LH_DorsAttn_Post_2,45.0,111.0,1690.0,8.0,35.0,3.0,32.0,8739.0,6.0,10.0,407.0,8.0,131.0,233.0,57.0,85.0,5.0,14.0,1.0,18.0,52.0,3.0,54.0,30.0,82.0,18.0,31.0,11.0,6.0,3.0,5950.0,0.0,123.0,8.0,66.0,24.0,94.0,25.0,12.0,4.0,20.0,36.0,56.0,31.0,10.0,51.0,93.0,10.0,5.0,45.0,351.0,0.0,1.0,13.0,28.0,58.0,252.0,2282.0,28.0,23.0,628.0,58.0,30.0,5408.0,37.0,69.0,47.0,472.0,704.0,248.0,10.0,3.0,1.0,119.0,286.0,250.0,307.0,765.0,4602.0,2019.0,1562.0,5378.0,52.0,0.0,22.0,67.0,77.0,0.0,16.0,5.0,18.0,5.0,324.0,65.0,36.0,19.0,2.0,0.0,7.0,127.0,0.0,1.0,1.0,0.0,1.0,1.0,0.0,0.0,0.0,0.0,0.0,2.0,0.0,7.0,0.0,0.0,1.0,0.0,0.0,0.0,0.0,0.0,0.0,0.0,0.0,0.0,0.0,0.0,0.0,0.0,0.0,0.0,0.0,0.0,0.0,0.0,0.0,0.0,0.0,0.0,0.0,2.0,1.0,1.0,0.0,1.0,1.0,0.0,0.0,0.0,0.0,0.0,0.0,0.0,1.0,2.0,2.0,9.0,0.0,1.0,3.0,0.0,0.0,0.0,0.0,0.0,0.0,0.0,0.0,1.0,0.0,0.0,0.0,2.0,2.0,0.0,6.0,3.0,2.0,2.0,9.0,1.0,0.0,0.0,0.0,0.0,0.0,0.0,0.0,1.0,0.0,3.0,0.0,5.0,4.0,4.0,0.0,2.0,5.0,3.0
7Networks_LH_DorsAttn_Post_3,168.0,96.0,316.0,8.0,15.0,7.0,18.0,391.0,0.0,10.0,634.0,36.0,621.0,3206.0,141.0,216.0,35.0,4.0,6.0,4.0,8.0,0.0,13.0,3.0,118.0,2.0,8.0,3.0,5.0,3.0,344.0,123.0,0.0,9.0,33.0,582.0,5269.0,4053.0,104.0,24.0,2.0,0.0,7.0,16.0,12.0,22.0,118.0,6.0,1.0,20.0,21.0,0.0,2.0,1.0,13.0,26.0,73.0,244.0,6.0,10.0,225.0,8020.0,394.0,31.0,15.0,18.0,8.0,12.0,14.0,15.0,212.0,22.0,0.0,65.0,62.0,139.0,31.0,47.0,7.0,4674.0,6.0,355.0,21.0,0.0,8.0,22.0,18.0,3.0,5.0,1.0,2.0,1.0,20.0,15.0,2.0,224.0,30.0,1.0,38.0,106.0,2.0,2.0,2.0,1.0,0.0,7.0,8.0,1.0,4.0,3.0,2.0,25.0,5.0,26.0,3.0,5.0,4.0,0.0,2.0,0.0,0.0,1.0,0.0,2.0,1.0,1.0,0.0,1.0,2.0,2.0,0.0,3.0,0.0,2.0,2.0,2.0,0.0,1.0,0.0,9.0,0.0,8.0,29.0,22.0,0.0,0.0,0.0,0.0,2.0,2.0,0.0,1.0,6.0,1.0,1.0,2.0,6.0,3.0,0.0,0.0,0.0,0.0,0.0,0.0,2.0,4.0,2.0,4.0,0.0,0.0,1.0,0.0,0.0,0.0,0.0,1.0,26.0,14.0,0.0,1.0,1.0,12.0,1.0,1.0,0.0,3.0,4.0,0.0,0.0,0.0,0.0,0.0,0.0,0.0,1.0,0.0,0.0,24.0,25.0,57.0
7Networks_LH_DorsAttn_Post_4,0.0,1.0,1.0,0.0,0.0,0.0,0.0,1.0,0.0,0.0,0.0,1.0,3.0,1.0,13.0,69.0,276.0,2669.0,616.0,4748.0,83.0,0.0,3423.0,84.0,130.0,25.0,74.0,23.0,45.0,28.0,4.0,8.0,9.0,0.0,4088.0,205.0,53.0,71.0,19.0,30.0,11.0,27.0,66.0,60.0,3409.0,2174.0,345.0,38.0,111.0,728.0,6.0,0.0,1.0,19.0,2.0,2.0,4.0,22.0,6.0,2.0,226.0,62.0,1489.0,37.0,2.0,3.0,3.0,28.0,58.0,47.0,0.0,1.0,0.0,5.0,13.0,15.0,29.0,29.0,4.0,6.0,17.0,28.0,43.0,0.0,11.0,2.0,60.0,0.0,0.0,0.0,2.0,1.0,14.0,7.0,13.0,1.0,0.0,0.0,5.0,1.0,0.0,0.0,1.0,0.0,0.0,0.0,0.0,0.0,0.0,0.0,0.0,0.0,0.0,0.0,1.0,0.0,1.0,0.0,0.0,0.0,0.0,0.0,0.0,2.0,1.0,0.0,0.0,1.0,0.0,1.0,0.0,1.0,0.0,0.0,0.0,0.0,1.0,0.0,0.0,2.0,1.0,3.0,5.0,4.0,0.0,2.0,0.0,0.0,1.0,0.0,0.0,0.0,0.0,0.0,0.0,0.0,2.0,0.0,0.0,0.0,0.0,0.0,0.0,0.0,0.0,1.0,0.0,0.0,0.0,0.0,0.0,0.0,0.0,4.0,0.0,1.0,1.0,2.0,0.0,0.0,0.0,0.0,0.0,0.0,0.0,0.0,0.0,2.0,0.0,0.0,0.0,0.0,1.0,3.0,0.0,0.0,0.0,0.0,0.0,7.0
7Networks_LH_DorsAttn_Post_5,0.0,3.0,4.0,1.0,0.0,0.0,0.0,11.0,1.0,1.0,4.0,0.0,1.0,1.0,16.0,51.0,136.0,597.0,42.0,458.0,371.0,0.0,5573.0,379.0,2085.0,111.0,306.0,38.0,18.0,22.0,32.0,66.0,33.0,4088.0,0.0,2774.0,84.0,420.0,24.0,15.0,35.0,28.0,219.0,28.0,803.0,1589.0,145.0,16.0,63.0,483.0,78.0,1.0,2.0,23.0,1.0,2.0,3.0,53.0,1.0,2.0,1024.0,591.0,5237.0,38.0,2.0,13.0,10.0,102.0,267.0,468.0,3.0,0.0,0.0,4.0,16.0,12.0,13.0,19.0,18.0,57.0,12.0,443.0,24.0,0.0,12.0,5.0,69.0,0.0,5.0,3.0,7.0,3.0,165.0,34.0,20.0,0.0,0.0,0.0,5.0,6.0,1.0,0.0,0.0,0.0,0.0,0.0,0.0,0.0,0.0,0.0,0.0,0.0,0.0,0.0,0.0,4.0,2.0,2.0,1.0,0.0,0.0,0.0,0.0,2.0,0.0,1.0,4.0,1.0,1.0,7.0,1.0,3.0,3.0,1.0,0.0,0.0,0.0,2.0,0.0,5.0,0.0,3.0,16.0,12.0,1.0,1.0,0.0,0.0,0.0,2.0,0.0,0.0,1.0,0.0,2.0,2.0,6.0,5.0,0.0,0.0,0.0,0.0,0.0,0.0,1.0,0.0,2.0,2.0,0.0,0.0,0.0,1.0,1.0,0.0,1.0,3.0,3.0,2.0,1.0,1.0,3.0,1.0,0.0,1.0,0.0,2.0,1.0,0.0,0.0,2.0,0.0,0.0,0.0,3.0,0.0,2.0,1.0,0.0,2.0,8.0
7Networks_LH_DorsAttn_Post_6,2.0,2.0,5.0,0.0,1.0,0.0,0.0,15.0,0.0,0.0,8.0,0.0,7.0,7.0,17.0,67.0,50.0,101.0,9.0,139.0,107.0,0.0,422.0,38.0,1098.0,22.0,24.0,6.0,10.0,9.0,9.0,24.0,582.0,205.0,2774.0,0.0,569.0,4969.0,16.0,26.0,11.0,13.0,84.0,9.0,113.0,176.0,114.0,10.0,15.0,159.0,66.0,1.0,1.0,12.0,2.0,3.0,5.0,28.0,2.0,0.0,1107.0,3695.0,6459.0,19.0,3.0,7.0,7.0,44.0,197.0,264.0,9.0,1.0,0.0,1.0,9.0,14.0,3.0,14.0,11.0,160.0,3.0,696.0,7.0,0.0,6.0,0.0,35.0,0.0,0.0,0.0,4.0,0.0,154.0,31.0,14.0,4.0,4.0,0.0,5.0,4.0,1.0,0.0,0.0,0.0,0.0,0.0,1.0,0.0,0.0,0.0,0.0,1.0,0.0,2.0,2.0,0.0,3.0,2.0,0.0,0.0,0.0,0.0,0.0,1.0,0.0,1.0,0.0,1.0,0.0,4.0,0.0,3.0,0.0,3.0,1.0,2.0,0.0,1.0,0.0,11.0,0.0,7.0,21.0,9.0,0.0,0.0,1.0,0.0,6.0,1.0,0.0,1.0,2.0,0.0,2.0,0.0,3.0,3.0,0.0,0.0,0.0,0.0,0.0,1.0,0.0,3.0,4.0,3.0,0.0,0.0,0.0,0.0,0.0,0.0,1.0,0.0,5.0,2.0,1.0,1.0,0.0,2.0,0.0,1.0,1.0,0.0,2.0,0.0,0.0,0.0,0.0,0.0,0.0,0.0,0.0,0.0,0.0,1.0,9.0,21.0
7Networks_LH_DorsAttn_Post_7,169.0,103.0,309.0,17.0,14.0,9.0,20.0,389.0,2.0,17.0,505.0,282.0,1907.0,2366.0,348.0,818.0,219.0,44.0,37.0,28.0,19.0,10.0,41.0,12.0,285.0,49.0,39.0,51.0,62.0,16.0,328.0,94.0,5269.0,53.0,84.0,569.0,0.0,6861.0,2277.0,1310.0,28.0,57.0,93.0,68.0,113.0,198.0,426.0,25.0,12.0,144.0,102.0,12.0,18.0,43.0,11.0,36.0,83.0,252.0,14.0,17.0,461.0,3361.0,413.0,35.0,18.0,26.0,16.0,48.0,102.0,45.0,3535.0,186.0,7.0,56.0,79.0,233.0,83.0,128.0,7.0,2213.0,10.0,533.0,52.0,3.0,23.0,41.0,83.0,8.0,17.0,16.0,23.0,9.0,54.0,135.0,129.0,748.0,141.0,11.0,537.0,141.0,8.0,6.0,16.0,5.0,4.0,18.0,11.0,10.0,12.0,14.0,8.0,64.0,45.0,104.0,35.0,41.0,87.0,9.0,26.0,5.0,4.0,8.0,6.0,25.0,5.0,47.0,18.0,39.0,5.0,58.0,11.0,104.0,55.0,19.0,17.0,11.0,13.0,31.0,13.0,134.0,10.0,134.0,486.0,300.0,4.0,8.0,14.0,3.0,53.0,51.0,6.0,5.0,34.0,1.0,7.0,17.0,128.0,112.0,0.0,3.0,1.0,5.0,32.0,5.0,47.0,106.0,22.0,70.0,1.0,1.0,1.0,3.0,3.0,3.0,4.0,15.0,140.0,118.0,2.0,9.0,31.0,54.0,19.0,17.0,11.0,44.0,58.0,19.0,13.0,3.0,0.0,1.0,0.0,9.0,12.0,6.0,5.0,119.0,228.0,590.0
